{
 "cells": [
  {
   "cell_type": "code",
   "execution_count": 2,
   "metadata": {},
   "outputs": [],
   "source": [
    "import pandas as pd\n",
    "import numpy as np\n",
    "import warnings\n",
    "import plotly.express as px\n",
    "warnings.filterwarnings('ignore')\n",
    "from sklearn.linear_model import LogisticRegression\n",
    "from sklearn.model_selection import train_test_split,cross_val_score\n",
    "from sklearn import metrics\n",
    "from sklearn.neural_network import MLPClassifier\n",
    "from sklearn.svm import SVC\n",
    "from sklearn.naive_bayes import GaussianNB\n",
    "from sklearn.neighbors import KNeighborsClassifier\n",
    "from sklearn.tree import DecisionTreeClassifier\n",
    "from sklearn.ensemble import RandomForestClassifier\n",
    "from sklearn.ensemble import ExtraTreesClassifier\n",
    "from sklearn.ensemble import GradientBoostingClassifier\n",
    "from sklearn.metrics import confusion_matrix"
   ]
  },
  {
   "cell_type": "code",
   "execution_count": 3,
   "metadata": {},
   "outputs": [],
   "source": [
    "def load_dataset(url):\n",
    "    return pd.read_csv(url)\n",
    "\n",
    "dataset = load_dataset('Visa_For_Lisa_Loan_Modelling.csv')"
   ]
  },
  {
   "cell_type": "code",
   "execution_count": 4,
   "metadata": {},
   "outputs": [
    {
     "name": "stdout",
     "output_type": "stream",
     "text": [
      "Dataset shape: \n",
      "\n",
      "\n",
      "Dataset's summary:\n",
      "<class 'pandas.core.frame.DataFrame'>\n",
      "RangeIndex: 5000 entries, 0 to 4999\n",
      "Data columns (total 14 columns):\n",
      " #   Column              Non-Null Count  Dtype  \n",
      "---  ------              --------------  -----  \n",
      " 0   ID                  5000 non-null   int64  \n",
      " 1   Age                 5000 non-null   int64  \n",
      " 2   Experience          5000 non-null   int64  \n",
      " 3   Income              5000 non-null   int64  \n",
      " 4   ZIP Code            5000 non-null   int64  \n",
      " 5   Family              5000 non-null   int64  \n",
      " 6   CCAvg               5000 non-null   float64\n",
      " 7   Education           5000 non-null   int64  \n",
      " 8   Mortgage            5000 non-null   int64  \n",
      " 9   Personal Loan       5000 non-null   int64  \n",
      " 10  Securities Account  5000 non-null   int64  \n",
      " 11  CD Account          5000 non-null   int64  \n",
      " 12  Online              5000 non-null   int64  \n",
      " 13  CreditCard          5000 non-null   int64  \n",
      "dtypes: float64(1), int64(13)\n",
      "memory usage: 547.0 KB\n",
      "First 10 rows of the dataset \n",
      "   ID  Age  Experience  Income  ZIP Code  Family  CCAvg  Education  Mortgage  \\\n",
      "0   1   25           1      49     91107       4    1.6          1         0   \n",
      "1   2   45          19      34     90089       3    1.5          1         0   \n",
      "2   3   39          15      11     94720       1    1.0          1         0   \n",
      "3   4   35           9     100     94112       1    2.7          2         0   \n",
      "4   5   35           8      45     91330       4    1.0          2         0   \n",
      "5   6   37          13      29     92121       4    0.4          2       155   \n",
      "6   7   53          27      72     91711       2    1.5          2         0   \n",
      "7   8   50          24      22     93943       1    0.3          3         0   \n",
      "8   9   35          10      81     90089       3    0.6          2       104   \n",
      "9  10   34           9     180     93023       1    8.9          3         0   \n",
      "\n",
      "   Personal Loan  Securities Account  CD Account  Online  CreditCard  \n",
      "0              0                   1           0       0           0  \n",
      "1              0                   1           0       0           0  \n",
      "2              0                   0           0       0           0  \n",
      "3              0                   0           0       0           0  \n",
      "4              0                   0           0       0           1  \n",
      "5              0                   0           0       1           0  \n",
      "6              0                   0           0       1           0  \n",
      "7              0                   0           0       0           1  \n",
      "8              0                   0           0       1           0  \n",
      "9              1                   0           0       0           0  \n"
     ]
    }
   ],
   "source": [
    "def summarize_dataset(df):\n",
    "    print(f\"Dataset shape: \")\n",
    "    df.shape\n",
    "    print(\"\\n\\nDataset's summary:\")\n",
    "    df.info()\n",
    "    print(f\"First 10 rows of the dataset \\n{df.head(10)}\")\n",
    "summarize_dataset(dataset)"
   ]
  },
  {
   "cell_type": "code",
   "execution_count": 5,
   "metadata": {},
   "outputs": [
    {
     "data": {
      "text/html": [
       "<div>\n",
       "<style scoped>\n",
       "    .dataframe tbody tr th:only-of-type {\n",
       "        vertical-align: middle;\n",
       "    }\n",
       "\n",
       "    .dataframe tbody tr th {\n",
       "        vertical-align: top;\n",
       "    }\n",
       "\n",
       "    .dataframe thead th {\n",
       "        text-align: right;\n",
       "    }\n",
       "</style>\n",
       "<table border=\"1\" class=\"dataframe\">\n",
       "  <thead>\n",
       "    <tr style=\"text-align: right;\">\n",
       "      <th></th>\n",
       "      <th>Age</th>\n",
       "      <th>Experience</th>\n",
       "      <th>Income</th>\n",
       "      <th>ZIP Code</th>\n",
       "      <th>Family</th>\n",
       "      <th>CCAvg</th>\n",
       "      <th>Education</th>\n",
       "      <th>Mortgage</th>\n",
       "      <th>Personal Loan</th>\n",
       "      <th>Securities Account</th>\n",
       "      <th>CD Account</th>\n",
       "      <th>Online</th>\n",
       "      <th>CreditCard</th>\n",
       "    </tr>\n",
       "  </thead>\n",
       "  <tbody>\n",
       "    <tr>\n",
       "      <th>0</th>\n",
       "      <td>25</td>\n",
       "      <td>1</td>\n",
       "      <td>49</td>\n",
       "      <td>91107</td>\n",
       "      <td>4</td>\n",
       "      <td>1.6</td>\n",
       "      <td>1</td>\n",
       "      <td>0</td>\n",
       "      <td>0</td>\n",
       "      <td>1</td>\n",
       "      <td>0</td>\n",
       "      <td>0</td>\n",
       "      <td>0</td>\n",
       "    </tr>\n",
       "    <tr>\n",
       "      <th>1</th>\n",
       "      <td>45</td>\n",
       "      <td>19</td>\n",
       "      <td>34</td>\n",
       "      <td>90089</td>\n",
       "      <td>3</td>\n",
       "      <td>1.5</td>\n",
       "      <td>1</td>\n",
       "      <td>0</td>\n",
       "      <td>0</td>\n",
       "      <td>1</td>\n",
       "      <td>0</td>\n",
       "      <td>0</td>\n",
       "      <td>0</td>\n",
       "    </tr>\n",
       "    <tr>\n",
       "      <th>2</th>\n",
       "      <td>39</td>\n",
       "      <td>15</td>\n",
       "      <td>11</td>\n",
       "      <td>94720</td>\n",
       "      <td>1</td>\n",
       "      <td>1.0</td>\n",
       "      <td>1</td>\n",
       "      <td>0</td>\n",
       "      <td>0</td>\n",
       "      <td>0</td>\n",
       "      <td>0</td>\n",
       "      <td>0</td>\n",
       "      <td>0</td>\n",
       "    </tr>\n",
       "    <tr>\n",
       "      <th>3</th>\n",
       "      <td>35</td>\n",
       "      <td>9</td>\n",
       "      <td>100</td>\n",
       "      <td>94112</td>\n",
       "      <td>1</td>\n",
       "      <td>2.7</td>\n",
       "      <td>2</td>\n",
       "      <td>0</td>\n",
       "      <td>0</td>\n",
       "      <td>0</td>\n",
       "      <td>0</td>\n",
       "      <td>0</td>\n",
       "      <td>0</td>\n",
       "    </tr>\n",
       "    <tr>\n",
       "      <th>4</th>\n",
       "      <td>35</td>\n",
       "      <td>8</td>\n",
       "      <td>45</td>\n",
       "      <td>91330</td>\n",
       "      <td>4</td>\n",
       "      <td>1.0</td>\n",
       "      <td>2</td>\n",
       "      <td>0</td>\n",
       "      <td>0</td>\n",
       "      <td>0</td>\n",
       "      <td>0</td>\n",
       "      <td>0</td>\n",
       "      <td>1</td>\n",
       "    </tr>\n",
       "    <tr>\n",
       "      <th>...</th>\n",
       "      <td>...</td>\n",
       "      <td>...</td>\n",
       "      <td>...</td>\n",
       "      <td>...</td>\n",
       "      <td>...</td>\n",
       "      <td>...</td>\n",
       "      <td>...</td>\n",
       "      <td>...</td>\n",
       "      <td>...</td>\n",
       "      <td>...</td>\n",
       "      <td>...</td>\n",
       "      <td>...</td>\n",
       "      <td>...</td>\n",
       "    </tr>\n",
       "    <tr>\n",
       "      <th>4995</th>\n",
       "      <td>29</td>\n",
       "      <td>3</td>\n",
       "      <td>40</td>\n",
       "      <td>92697</td>\n",
       "      <td>1</td>\n",
       "      <td>1.9</td>\n",
       "      <td>3</td>\n",
       "      <td>0</td>\n",
       "      <td>0</td>\n",
       "      <td>0</td>\n",
       "      <td>0</td>\n",
       "      <td>1</td>\n",
       "      <td>0</td>\n",
       "    </tr>\n",
       "    <tr>\n",
       "      <th>4996</th>\n",
       "      <td>30</td>\n",
       "      <td>4</td>\n",
       "      <td>15</td>\n",
       "      <td>92037</td>\n",
       "      <td>4</td>\n",
       "      <td>0.4</td>\n",
       "      <td>1</td>\n",
       "      <td>85</td>\n",
       "      <td>0</td>\n",
       "      <td>0</td>\n",
       "      <td>0</td>\n",
       "      <td>1</td>\n",
       "      <td>0</td>\n",
       "    </tr>\n",
       "    <tr>\n",
       "      <th>4997</th>\n",
       "      <td>63</td>\n",
       "      <td>39</td>\n",
       "      <td>24</td>\n",
       "      <td>93023</td>\n",
       "      <td>2</td>\n",
       "      <td>0.3</td>\n",
       "      <td>3</td>\n",
       "      <td>0</td>\n",
       "      <td>0</td>\n",
       "      <td>0</td>\n",
       "      <td>0</td>\n",
       "      <td>0</td>\n",
       "      <td>0</td>\n",
       "    </tr>\n",
       "    <tr>\n",
       "      <th>4998</th>\n",
       "      <td>65</td>\n",
       "      <td>40</td>\n",
       "      <td>49</td>\n",
       "      <td>90034</td>\n",
       "      <td>3</td>\n",
       "      <td>0.5</td>\n",
       "      <td>2</td>\n",
       "      <td>0</td>\n",
       "      <td>0</td>\n",
       "      <td>0</td>\n",
       "      <td>0</td>\n",
       "      <td>1</td>\n",
       "      <td>0</td>\n",
       "    </tr>\n",
       "    <tr>\n",
       "      <th>4999</th>\n",
       "      <td>28</td>\n",
       "      <td>4</td>\n",
       "      <td>83</td>\n",
       "      <td>92612</td>\n",
       "      <td>3</td>\n",
       "      <td>0.8</td>\n",
       "      <td>1</td>\n",
       "      <td>0</td>\n",
       "      <td>0</td>\n",
       "      <td>0</td>\n",
       "      <td>0</td>\n",
       "      <td>1</td>\n",
       "      <td>1</td>\n",
       "    </tr>\n",
       "  </tbody>\n",
       "</table>\n",
       "<p>5000 rows × 13 columns</p>\n",
       "</div>"
      ],
      "text/plain": [
       "      Age  Experience  Income  ZIP Code  Family  CCAvg  Education  Mortgage  \\\n",
       "0      25           1      49     91107       4    1.6          1         0   \n",
       "1      45          19      34     90089       3    1.5          1         0   \n",
       "2      39          15      11     94720       1    1.0          1         0   \n",
       "3      35           9     100     94112       1    2.7          2         0   \n",
       "4      35           8      45     91330       4    1.0          2         0   \n",
       "...   ...         ...     ...       ...     ...    ...        ...       ...   \n",
       "4995   29           3      40     92697       1    1.9          3         0   \n",
       "4996   30           4      15     92037       4    0.4          1        85   \n",
       "4997   63          39      24     93023       2    0.3          3         0   \n",
       "4998   65          40      49     90034       3    0.5          2         0   \n",
       "4999   28           4      83     92612       3    0.8          1         0   \n",
       "\n",
       "      Personal Loan  Securities Account  CD Account  Online  CreditCard  \n",
       "0                 0                   1           0       0           0  \n",
       "1                 0                   1           0       0           0  \n",
       "2                 0                   0           0       0           0  \n",
       "3                 0                   0           0       0           0  \n",
       "4                 0                   0           0       0           1  \n",
       "...             ...                 ...         ...     ...         ...  \n",
       "4995              0                   0           0       1           0  \n",
       "4996              0                   0           0       1           0  \n",
       "4997              0                   0           0       0           0  \n",
       "4998              0                   0           0       1           0  \n",
       "4999              0                   0           0       1           1  \n",
       "\n",
       "[5000 rows x 13 columns]"
      ]
     },
     "execution_count": 5,
     "metadata": {},
     "output_type": "execute_result"
    }
   ],
   "source": [
    "def clean_dataset(df):\n",
    "    try:\n",
    "        df.drop('ID', axis=1, inplace=True)\n",
    "    except:\n",
    "        pass\n",
    "    # df['Experience'] = df['Experience'].abs()\n",
    "\n",
    "    return df\n",
    "dataset = clean_dataset(dataset)\n",
    "dataset"
   ]
  },
  {
   "cell_type": "code",
   "execution_count": 6,
   "metadata": {},
   "outputs": [],
   "source": [
    "def correlation_function(df):\n",
    "    fig = px.imshow(df.corr().abs(), text_auto=True)\n",
    "    fig.update_layout(height=800, width=1000)\n",
    "    return fig.show()\n"
   ]
  },
  {
   "cell_type": "code",
   "execution_count": 7,
   "metadata": {},
   "outputs": [
    {
     "data": {
      "application/vnd.plotly.v1+json": {
       "config": {
        "plotlyServerURL": "https://plot.ly"
       },
       "data": [
        {
         "coloraxis": "coloraxis",
         "hovertemplate": "x: %{x}<br>y: %{y}<br>color: %{z}<extra></extra>",
         "name": "0",
         "texttemplate": "%{z}",
         "type": "heatmap",
         "x": [
          "Age",
          "Experience",
          "Income",
          "ZIP Code",
          "Family",
          "CCAvg",
          "Education",
          "Mortgage",
          "Personal Loan",
          "Securities Account",
          "CD Account",
          "Online",
          "CreditCard"
         ],
         "xaxis": "x",
         "y": [
          "Age",
          "Experience",
          "Income",
          "ZIP Code",
          "Family",
          "CCAvg",
          "Education",
          "Mortgage",
          "Personal Loan",
          "Securities Account",
          "CD Account",
          "Online",
          "CreditCard"
         ],
         "yaxis": "y",
         "z": [
          [
           1,
           0.9942148569683337,
           0.0552686181799852,
           0.0292162873968533,
           0.046417663585597714,
           0.05201217908143043,
           0.04133438336063453,
           0.012538586859834017,
           0.007725617173534203,
           0.0004362422234353478,
           0.008042552147187281,
           0.013702402055123448,
           0.007681036758939914
          ],
          [
           0.9942148569683337,
           1,
           0.04657417765298205,
           0.028625547987431565,
           0.05256314713644557,
           0.05007651057794994,
           0.013151812889482055,
           0.010581552418193354,
           0.007413098076770269,
           0.0012321344074537719,
           0.01035333115086068,
           0.013897899571362267,
           0.008967447335361397
          ],
          [
           0.0552686181799852,
           0.04657417765298205,
           1,
           0.016409811655448032,
           0.15750078548216204,
           0.6459836696249658,
           0.18752425737223893,
           0.2068062278031723,
           0.502462292494936,
           0.002616496702662834,
           0.16973808030221557,
           0.01420591931782577,
           0.0023850077511430737
          ],
          [
           0.0292162873968533,
           0.028625547987431565,
           0.016409811655448032,
           1,
           0.011778204901610793,
           0.004060684903435167,
           0.017376756421595724,
           0.007383377752004523,
           0.00010737635433683682,
           0.0047042396060559336,
           0.0199719123090438,
           0.016990066647717,
           0.007691394839549369
          ],
          [
           0.046417663585597714,
           0.05256314713644557,
           0.15750078548216204,
           0.011778204901610793,
           1,
           0.10927450575713345,
           0.06492891355581228,
           0.020444930961873057,
           0.06136704401190959,
           0.0199940797696391,
           0.014110364815959373,
           0.010354036168282245,
           0.011588066109776357
          ],
          [
           0.05201217908143043,
           0.05007651057794994,
           0.6459836696249658,
           0.004060684903435167,
           0.10927450575713345,
           1,
           0.13612392209012478,
           0.10990472333482998,
           0.3668887355370784,
           0.015086311385122161,
           0.13653365549526048,
           0.003611009456394712,
           0.006689494411293675
          ],
          [
           0.04133438336063453,
           0.013151812889482055,
           0.18752425737223893,
           0.017376756421595724,
           0.06492891355581228,
           0.13612392209012478,
           1,
           0.033327124629950466,
           0.13672155003028066,
           0.010812013603974574,
           0.013933888212947438,
           0.015003820555225846,
           0.011014133979204536
          ],
          [
           0.012538586859834017,
           0.010581552418193354,
           0.2068062278031723,
           0.007383377752004523,
           0.020444930961873057,
           0.10990472333482998,
           0.033327124629950466,
           1,
           0.14209523632788268,
           0.0054109700472621544,
           0.08931105824156661,
           0.005994898357871135,
           0.00723091942589323
          ],
          [
           0.007725617173534203,
           0.007413098076770269,
           0.502462292494936,
           0.00010737635433683682,
           0.06136704401190959,
           0.3668887355370784,
           0.13672155003028066,
           0.14209523632788268,
           1,
           0.021953882216311445,
           0.3163548294144036,
           0.0062778153967586675,
           0.002801508841556002
          ],
          [
           0.0004362422234353478,
           0.0012321344074537719,
           0.002616496702662834,
           0.0047042396060559336,
           0.0199940797696391,
           0.015086311385122161,
           0.010812013603974574,
           0.0054109700472621544,
           0.021953882216311445,
           1,
           0.31703441568066154,
           0.012627470353373395,
           0.01502831889730028
          ],
          [
           0.008042552147187281,
           0.01035333115086068,
           0.16973808030221557,
           0.0199719123090438,
           0.014110364815959373,
           0.13653365549526048,
           0.013933888212947438,
           0.08931105824156661,
           0.3163548294144036,
           0.31703441568066154,
           1,
           0.17588001598343864,
           0.27864436461471453
          ],
          [
           0.013702402055123448,
           0.013897899571362267,
           0.01420591931782577,
           0.016990066647717,
           0.010354036168282245,
           0.003611009456394712,
           0.015003820555225846,
           0.005994898357871135,
           0.0062778153967586675,
           0.012627470353373395,
           0.17588001598343864,
           1,
           0.004209656154684401
          ],
          [
           0.007681036758939914,
           0.008967447335361397,
           0.0023850077511430737,
           0.007691394839549369,
           0.011588066109776357,
           0.006689494411293675,
           0.011014133979204536,
           0.00723091942589323,
           0.002801508841556002,
           0.01502831889730028,
           0.27864436461471453,
           0.004209656154684401,
           1
          ]
         ]
        }
       ],
       "layout": {
        "coloraxis": {
         "colorscale": [
          [
           0,
           "#0d0887"
          ],
          [
           0.1111111111111111,
           "#46039f"
          ],
          [
           0.2222222222222222,
           "#7201a8"
          ],
          [
           0.3333333333333333,
           "#9c179e"
          ],
          [
           0.4444444444444444,
           "#bd3786"
          ],
          [
           0.5555555555555556,
           "#d8576b"
          ],
          [
           0.6666666666666666,
           "#ed7953"
          ],
          [
           0.7777777777777778,
           "#fb9f3a"
          ],
          [
           0.8888888888888888,
           "#fdca26"
          ],
          [
           1,
           "#f0f921"
          ]
         ]
        },
        "height": 800,
        "margin": {
         "t": 60
        },
        "template": {
         "data": {
          "bar": [
           {
            "error_x": {
             "color": "#2a3f5f"
            },
            "error_y": {
             "color": "#2a3f5f"
            },
            "marker": {
             "line": {
              "color": "#E5ECF6",
              "width": 0.5
             },
             "pattern": {
              "fillmode": "overlay",
              "size": 10,
              "solidity": 0.2
             }
            },
            "type": "bar"
           }
          ],
          "barpolar": [
           {
            "marker": {
             "line": {
              "color": "#E5ECF6",
              "width": 0.5
             },
             "pattern": {
              "fillmode": "overlay",
              "size": 10,
              "solidity": 0.2
             }
            },
            "type": "barpolar"
           }
          ],
          "carpet": [
           {
            "aaxis": {
             "endlinecolor": "#2a3f5f",
             "gridcolor": "white",
             "linecolor": "white",
             "minorgridcolor": "white",
             "startlinecolor": "#2a3f5f"
            },
            "baxis": {
             "endlinecolor": "#2a3f5f",
             "gridcolor": "white",
             "linecolor": "white",
             "minorgridcolor": "white",
             "startlinecolor": "#2a3f5f"
            },
            "type": "carpet"
           }
          ],
          "choropleth": [
           {
            "colorbar": {
             "outlinewidth": 0,
             "ticks": ""
            },
            "type": "choropleth"
           }
          ],
          "contour": [
           {
            "colorbar": {
             "outlinewidth": 0,
             "ticks": ""
            },
            "colorscale": [
             [
              0,
              "#0d0887"
             ],
             [
              0.1111111111111111,
              "#46039f"
             ],
             [
              0.2222222222222222,
              "#7201a8"
             ],
             [
              0.3333333333333333,
              "#9c179e"
             ],
             [
              0.4444444444444444,
              "#bd3786"
             ],
             [
              0.5555555555555556,
              "#d8576b"
             ],
             [
              0.6666666666666666,
              "#ed7953"
             ],
             [
              0.7777777777777778,
              "#fb9f3a"
             ],
             [
              0.8888888888888888,
              "#fdca26"
             ],
             [
              1,
              "#f0f921"
             ]
            ],
            "type": "contour"
           }
          ],
          "contourcarpet": [
           {
            "colorbar": {
             "outlinewidth": 0,
             "ticks": ""
            },
            "type": "contourcarpet"
           }
          ],
          "heatmap": [
           {
            "colorbar": {
             "outlinewidth": 0,
             "ticks": ""
            },
            "colorscale": [
             [
              0,
              "#0d0887"
             ],
             [
              0.1111111111111111,
              "#46039f"
             ],
             [
              0.2222222222222222,
              "#7201a8"
             ],
             [
              0.3333333333333333,
              "#9c179e"
             ],
             [
              0.4444444444444444,
              "#bd3786"
             ],
             [
              0.5555555555555556,
              "#d8576b"
             ],
             [
              0.6666666666666666,
              "#ed7953"
             ],
             [
              0.7777777777777778,
              "#fb9f3a"
             ],
             [
              0.8888888888888888,
              "#fdca26"
             ],
             [
              1,
              "#f0f921"
             ]
            ],
            "type": "heatmap"
           }
          ],
          "heatmapgl": [
           {
            "colorbar": {
             "outlinewidth": 0,
             "ticks": ""
            },
            "colorscale": [
             [
              0,
              "#0d0887"
             ],
             [
              0.1111111111111111,
              "#46039f"
             ],
             [
              0.2222222222222222,
              "#7201a8"
             ],
             [
              0.3333333333333333,
              "#9c179e"
             ],
             [
              0.4444444444444444,
              "#bd3786"
             ],
             [
              0.5555555555555556,
              "#d8576b"
             ],
             [
              0.6666666666666666,
              "#ed7953"
             ],
             [
              0.7777777777777778,
              "#fb9f3a"
             ],
             [
              0.8888888888888888,
              "#fdca26"
             ],
             [
              1,
              "#f0f921"
             ]
            ],
            "type": "heatmapgl"
           }
          ],
          "histogram": [
           {
            "marker": {
             "pattern": {
              "fillmode": "overlay",
              "size": 10,
              "solidity": 0.2
             }
            },
            "type": "histogram"
           }
          ],
          "histogram2d": [
           {
            "colorbar": {
             "outlinewidth": 0,
             "ticks": ""
            },
            "colorscale": [
             [
              0,
              "#0d0887"
             ],
             [
              0.1111111111111111,
              "#46039f"
             ],
             [
              0.2222222222222222,
              "#7201a8"
             ],
             [
              0.3333333333333333,
              "#9c179e"
             ],
             [
              0.4444444444444444,
              "#bd3786"
             ],
             [
              0.5555555555555556,
              "#d8576b"
             ],
             [
              0.6666666666666666,
              "#ed7953"
             ],
             [
              0.7777777777777778,
              "#fb9f3a"
             ],
             [
              0.8888888888888888,
              "#fdca26"
             ],
             [
              1,
              "#f0f921"
             ]
            ],
            "type": "histogram2d"
           }
          ],
          "histogram2dcontour": [
           {
            "colorbar": {
             "outlinewidth": 0,
             "ticks": ""
            },
            "colorscale": [
             [
              0,
              "#0d0887"
             ],
             [
              0.1111111111111111,
              "#46039f"
             ],
             [
              0.2222222222222222,
              "#7201a8"
             ],
             [
              0.3333333333333333,
              "#9c179e"
             ],
             [
              0.4444444444444444,
              "#bd3786"
             ],
             [
              0.5555555555555556,
              "#d8576b"
             ],
             [
              0.6666666666666666,
              "#ed7953"
             ],
             [
              0.7777777777777778,
              "#fb9f3a"
             ],
             [
              0.8888888888888888,
              "#fdca26"
             ],
             [
              1,
              "#f0f921"
             ]
            ],
            "type": "histogram2dcontour"
           }
          ],
          "mesh3d": [
           {
            "colorbar": {
             "outlinewidth": 0,
             "ticks": ""
            },
            "type": "mesh3d"
           }
          ],
          "parcoords": [
           {
            "line": {
             "colorbar": {
              "outlinewidth": 0,
              "ticks": ""
             }
            },
            "type": "parcoords"
           }
          ],
          "pie": [
           {
            "automargin": true,
            "type": "pie"
           }
          ],
          "scatter": [
           {
            "fillpattern": {
             "fillmode": "overlay",
             "size": 10,
             "solidity": 0.2
            },
            "type": "scatter"
           }
          ],
          "scatter3d": [
           {
            "line": {
             "colorbar": {
              "outlinewidth": 0,
              "ticks": ""
             }
            },
            "marker": {
             "colorbar": {
              "outlinewidth": 0,
              "ticks": ""
             }
            },
            "type": "scatter3d"
           }
          ],
          "scattercarpet": [
           {
            "marker": {
             "colorbar": {
              "outlinewidth": 0,
              "ticks": ""
             }
            },
            "type": "scattercarpet"
           }
          ],
          "scattergeo": [
           {
            "marker": {
             "colorbar": {
              "outlinewidth": 0,
              "ticks": ""
             }
            },
            "type": "scattergeo"
           }
          ],
          "scattergl": [
           {
            "marker": {
             "colorbar": {
              "outlinewidth": 0,
              "ticks": ""
             }
            },
            "type": "scattergl"
           }
          ],
          "scattermapbox": [
           {
            "marker": {
             "colorbar": {
              "outlinewidth": 0,
              "ticks": ""
             }
            },
            "type": "scattermapbox"
           }
          ],
          "scatterpolar": [
           {
            "marker": {
             "colorbar": {
              "outlinewidth": 0,
              "ticks": ""
             }
            },
            "type": "scatterpolar"
           }
          ],
          "scatterpolargl": [
           {
            "marker": {
             "colorbar": {
              "outlinewidth": 0,
              "ticks": ""
             }
            },
            "type": "scatterpolargl"
           }
          ],
          "scatterternary": [
           {
            "marker": {
             "colorbar": {
              "outlinewidth": 0,
              "ticks": ""
             }
            },
            "type": "scatterternary"
           }
          ],
          "surface": [
           {
            "colorbar": {
             "outlinewidth": 0,
             "ticks": ""
            },
            "colorscale": [
             [
              0,
              "#0d0887"
             ],
             [
              0.1111111111111111,
              "#46039f"
             ],
             [
              0.2222222222222222,
              "#7201a8"
             ],
             [
              0.3333333333333333,
              "#9c179e"
             ],
             [
              0.4444444444444444,
              "#bd3786"
             ],
             [
              0.5555555555555556,
              "#d8576b"
             ],
             [
              0.6666666666666666,
              "#ed7953"
             ],
             [
              0.7777777777777778,
              "#fb9f3a"
             ],
             [
              0.8888888888888888,
              "#fdca26"
             ],
             [
              1,
              "#f0f921"
             ]
            ],
            "type": "surface"
           }
          ],
          "table": [
           {
            "cells": {
             "fill": {
              "color": "#EBF0F8"
             },
             "line": {
              "color": "white"
             }
            },
            "header": {
             "fill": {
              "color": "#C8D4E3"
             },
             "line": {
              "color": "white"
             }
            },
            "type": "table"
           }
          ]
         },
         "layout": {
          "annotationdefaults": {
           "arrowcolor": "#2a3f5f",
           "arrowhead": 0,
           "arrowwidth": 1
          },
          "autotypenumbers": "strict",
          "coloraxis": {
           "colorbar": {
            "outlinewidth": 0,
            "ticks": ""
           }
          },
          "colorscale": {
           "diverging": [
            [
             0,
             "#8e0152"
            ],
            [
             0.1,
             "#c51b7d"
            ],
            [
             0.2,
             "#de77ae"
            ],
            [
             0.3,
             "#f1b6da"
            ],
            [
             0.4,
             "#fde0ef"
            ],
            [
             0.5,
             "#f7f7f7"
            ],
            [
             0.6,
             "#e6f5d0"
            ],
            [
             0.7,
             "#b8e186"
            ],
            [
             0.8,
             "#7fbc41"
            ],
            [
             0.9,
             "#4d9221"
            ],
            [
             1,
             "#276419"
            ]
           ],
           "sequential": [
            [
             0,
             "#0d0887"
            ],
            [
             0.1111111111111111,
             "#46039f"
            ],
            [
             0.2222222222222222,
             "#7201a8"
            ],
            [
             0.3333333333333333,
             "#9c179e"
            ],
            [
             0.4444444444444444,
             "#bd3786"
            ],
            [
             0.5555555555555556,
             "#d8576b"
            ],
            [
             0.6666666666666666,
             "#ed7953"
            ],
            [
             0.7777777777777778,
             "#fb9f3a"
            ],
            [
             0.8888888888888888,
             "#fdca26"
            ],
            [
             1,
             "#f0f921"
            ]
           ],
           "sequentialminus": [
            [
             0,
             "#0d0887"
            ],
            [
             0.1111111111111111,
             "#46039f"
            ],
            [
             0.2222222222222222,
             "#7201a8"
            ],
            [
             0.3333333333333333,
             "#9c179e"
            ],
            [
             0.4444444444444444,
             "#bd3786"
            ],
            [
             0.5555555555555556,
             "#d8576b"
            ],
            [
             0.6666666666666666,
             "#ed7953"
            ],
            [
             0.7777777777777778,
             "#fb9f3a"
            ],
            [
             0.8888888888888888,
             "#fdca26"
            ],
            [
             1,
             "#f0f921"
            ]
           ]
          },
          "colorway": [
           "#636efa",
           "#EF553B",
           "#00cc96",
           "#ab63fa",
           "#FFA15A",
           "#19d3f3",
           "#FF6692",
           "#B6E880",
           "#FF97FF",
           "#FECB52"
          ],
          "font": {
           "color": "#2a3f5f"
          },
          "geo": {
           "bgcolor": "white",
           "lakecolor": "white",
           "landcolor": "#E5ECF6",
           "showlakes": true,
           "showland": true,
           "subunitcolor": "white"
          },
          "hoverlabel": {
           "align": "left"
          },
          "hovermode": "closest",
          "mapbox": {
           "style": "light"
          },
          "paper_bgcolor": "white",
          "plot_bgcolor": "#E5ECF6",
          "polar": {
           "angularaxis": {
            "gridcolor": "white",
            "linecolor": "white",
            "ticks": ""
           },
           "bgcolor": "#E5ECF6",
           "radialaxis": {
            "gridcolor": "white",
            "linecolor": "white",
            "ticks": ""
           }
          },
          "scene": {
           "xaxis": {
            "backgroundcolor": "#E5ECF6",
            "gridcolor": "white",
            "gridwidth": 2,
            "linecolor": "white",
            "showbackground": true,
            "ticks": "",
            "zerolinecolor": "white"
           },
           "yaxis": {
            "backgroundcolor": "#E5ECF6",
            "gridcolor": "white",
            "gridwidth": 2,
            "linecolor": "white",
            "showbackground": true,
            "ticks": "",
            "zerolinecolor": "white"
           },
           "zaxis": {
            "backgroundcolor": "#E5ECF6",
            "gridcolor": "white",
            "gridwidth": 2,
            "linecolor": "white",
            "showbackground": true,
            "ticks": "",
            "zerolinecolor": "white"
           }
          },
          "shapedefaults": {
           "line": {
            "color": "#2a3f5f"
           }
          },
          "ternary": {
           "aaxis": {
            "gridcolor": "white",
            "linecolor": "white",
            "ticks": ""
           },
           "baxis": {
            "gridcolor": "white",
            "linecolor": "white",
            "ticks": ""
           },
           "bgcolor": "#E5ECF6",
           "caxis": {
            "gridcolor": "white",
            "linecolor": "white",
            "ticks": ""
           }
          },
          "title": {
           "x": 0.05
          },
          "xaxis": {
           "automargin": true,
           "gridcolor": "white",
           "linecolor": "white",
           "ticks": "",
           "title": {
            "standoff": 15
           },
           "zerolinecolor": "white",
           "zerolinewidth": 2
          },
          "yaxis": {
           "automargin": true,
           "gridcolor": "white",
           "linecolor": "white",
           "ticks": "",
           "title": {
            "standoff": 15
           },
           "zerolinecolor": "white",
           "zerolinewidth": 2
          }
         }
        },
        "width": 1000,
        "xaxis": {
