{
 "cells": [
  {
   "cell_type": "code",
   "execution_count": 25,
   "id": "initial_id",
   "metadata": {
    "ExecuteTime": {
     "end_time": "2024-02-21T16:15:38.796096033Z",
     "start_time": "2024-02-21T16:15:38.705334194Z"
    }
   },
   "outputs": [],
   "source": [
    "import warnings\n",
    "warnings.filterwarnings('ignore')\n",
    "\n",
    "import pandas as pd\n",
    "import numpy as np\n",
    "\n",
    "import plotly.express as px\n",
    "from sklearn.model_selection import train_test_split, cross_val_score\n",
    "from sklearn.tree import DecisionTreeClassifier\n",
    "from sklearn.linear_model import LogisticRegression\n",
    "from sklearn.svm import SVC\n",
    "from sklearn.discriminant_analysis import LinearDiscriminantAnalysis\n",
    "from sklearn.neighbors import KNeighborsClassifier\n",
    "from sklearn.ensemble import RandomForestClassifier\n",
    "from sklearn import metrics "
   ]
  },
  {
   "cell_type": "code",
   "execution_count": 152,
   "id": "d5e94fb1c239e24f",
   "metadata": {
    "collapsed": false,
    "ExecuteTime": {
     "end_time": "2024-02-21T16:48:00.383833741Z",
     "start_time": "2024-02-21T16:48:00.308816226Z"
    }
   },
   "outputs": [],
   "source": [
    "def load_dataset(url):\n",
    "    return pd.read_csv(url)\n",
    "\n",
    "df = load_dataset('Visa_For_Lisa_Loan_Modelling.csv')"
   ]
  },
  {
   "cell_type": "code",
   "execution_count": 27,
   "id": "c70f4b161ad9c4f5",
   "metadata": {
    "collapsed": false,
    "ExecuteTime": {
     "end_time": "2024-02-21T16:15:41.777698636Z",
     "start_time": "2024-02-21T16:15:41.763122350Z"
    }
   },
   "outputs": [
    {
     "name": "stdout",
     "output_type": "stream",
     "text": [
      "Dataset's shape: (5000, 14) \n",
      "\n",
      "Dataset's summary:\n",
      "<class 'pandas.core.frame.DataFrame'>\n",
      "RangeIndex: 5000 entries, 0 to 4999\n",
      "Data columns (total 14 columns):\n",
      " #   Column              Non-Null Count  Dtype  \n",
      "---  ------              --------------  -----  \n",
      " 0   ID                  5000 non-null   int64  \n",
      " 1   Age                 5000 non-null   int64  \n",
      " 2   Experience          5000 non-null   int64  \n",
      " 3   Income              5000 non-null   int64  \n",
      " 4   ZIP Code            5000 non-null   int64  \n",
      " 5   Family              5000 non-null   int64  \n",
      " 6   CCAvg               5000 non-null   float64\n",
      " 7   Education           5000 non-null   int64  \n",
      " 8   Mortgage            5000 non-null   int64  \n",
      " 9   Personal Loan       5000 non-null   int64  \n",
      " 10  Securities Account  5000 non-null   int64  \n",
      " 11  CD Account          5000 non-null   int64  \n",
      " 12  Online              5000 non-null   int64  \n",
      " 13  CreditCard          5000 non-null   int64  \n",
      "dtypes: float64(1), int64(13)\n",
      "memory usage: 547.0 KB\n",
      "First 10 rows of the dataset \n",
      "   ID  Age  Experience  Income  ZIP Code  Family  CCAvg  Education  Mortgage  \\\n",
      "0   1   25           1      49     91107       4    1.6          1         0   \n",
      "1   2   45          19      34     90089       3    1.5          1         0   \n",
      "2   3   39          15      11     94720       1    1.0          1         0   \n",
      "3   4   35           9     100     94112       1    2.7          2         0   \n",
      "4   5   35           8      45     91330       4    1.0          2         0   \n",
      "5   6   37          13      29     92121       4    0.4          2       155   \n",
      "6   7   53          27      72     91711       2    1.5          2         0   \n",
      "7   8   50          24      22     93943       1    0.3          3         0   \n",
      "8   9   35          10      81     90089       3    0.6          2       104   \n",
      "9  10   34           9     180     93023       1    8.9          3         0   \n",
      "\n",
      "   Personal Loan  Securities Account  CD Account  Online  CreditCard  \n",
      "0              0                   1           0       0           0  \n",
      "1              0                   1           0       0           0  \n",
      "2              0                   0           0       0           0  \n",
      "3              0                   0           0       0           0  \n",
      "4              0                   0           0       0           1  \n",
      "5              0                   0           0       1           0  \n",
      "6              0                   0           0       1           0  \n",
      "7              0                   0           0       0           1  \n",
      "8              0                   0           0       1           0  \n",
      "9              1                   0           0       0           0  \n"
     ]
    }
   ],
   "source": [
    "def summarize_dataset(df):\n",
    "    print(f\"Dataset's shape: {df.shape} \\n\\nDataset's summary:\")\n",
    "    df.info()\n",
    "    print(f\"First 10 rows of the dataset \\n{df.head(10)}\")\n",
    "summarize_dataset(df)"
   ]
  },
  {
   "cell_type": "code",
   "execution_count": 28,
   "outputs": [],
   "source": [
    "def clean_dataset(df):\n",
    "    try:\n",
    "        df.drop('ID', axis=1, inplace=True)\n",
    "    except:\n",
    "        pass\n",
    "    df['Experience'] = df['Experience'].abs()\n",
    "\n",
    "    return df\n",
    "df = clean_dataset(df)"
   ],
   "metadata": {
    "collapsed": false,
    "ExecuteTime": {
     "end_time": "2024-02-21T16:15:43.334776299Z",
     "start_time": "2024-02-21T16:15:43.286403623Z"
    }
   },
   "id": "bb21ef755865cc57"
  },
  {
   "cell_type": "code",
   "execution_count": 29,
   "id": "f9d0b34757d939a7",
   "metadata": {
    "collapsed": false,
    "ExecuteTime": {
     "end_time": "2024-02-21T16:15:47.957146278Z",
     "start_time": "2024-02-21T16:15:47.914508515Z"
    }
   },
   "outputs": [],
   "source": [
    "def corr(df: pd.core.frame.DataFrame):\n",
    "    # corrilation\n",
    "    fig = px.imshow(df.corr().abs(), text_auto=True)\n",
    "    fig.update_layout(height=900, width=900)\n",
    "    return fig.show()"
   ]
  },
  {
   "cell_type": "code",
   "execution_count": 30,
   "outputs": [],
   "source": [
    "def exp_card(df):\n",
    "    bins = [0, 5, 10, 20, 30, float('inf')]\n",
    "    labels = ['Less than 5', 'Between 5 and 10', 'Between 10 and 20', 'Between 20 and 30', 'More 30']\n",
    "    df2 = df.copy()\n",
    "    df2['Experience'] = pd.cut(df['Experience'], bins=bins, labels=labels)\n",
    "    df2 = df2.groupby(['CreditCard', 'Experience'])['Income'].mean().reset_index()\n",
    "    \n",
    "    fig = px.histogram(df2, x='Experience', y='Income', color='CreditCard', barmode='group', text_auto=True)\n",
    "    fig.update_layout(title='Statistics of clients by Experience and Credit Card', yaxis_title='Income')\n",
    "    return fig.show()"
   ],
   "metadata": {
    "collapsed": false,
    "ExecuteTime": {
     "end_time": "2024-02-21T16:15:48.779697158Z",
     "start_time": "2024-02-21T16:15:48.735415043Z"
    }
   },
   "id": "46e9296a937b4ba1"
  },
  {
   "cell_type": "code",
   "execution_count": 31,
   "outputs": [],
   "source": [
    "def zip(df):\n",
    "    df2 = df['ZIP Code'].value_counts().reset_index().head(30)\n",
    "    fig = px.bar(df2, x=df2['ZIP Code'].astype(str), y='count', color='count', text_auto=True)\n",
    "    fig.update_layout(title='Number of clients by Zip Code location', height=600, width=1200)\n",
    "    return fig.show()"
   ],
   "metadata": {
    "collapsed": false,
    "ExecuteTime": {
     "end_time": "2024-02-21T16:15:49.478587652Z",
     "start_time": "2024-02-21T16:15:49.425043818Z"
    }
   },
   "id": "8c2b65bef5ba9458"
  },
  {
   "cell_type": "code",
   "execution_count": 78,
   "id": "c5660dd28a9c47c0",
   "metadata": {
    "collapsed": false,
    "ExecuteTime": {
     "end_time": "2024-02-21T16:26:45.493426109Z",
     "start_time": "2024-02-21T16:26:45.191599Z"
    }
   },
   "outputs": [],
   "source": [
    "def edu_online(df):\n",
    "    fig = px.pie(df, names=df['Education'].replace({1: 'Bacherlor', 2: 'Master', 3: 'Phd'}), values='Online', title='Customers which has degree and uses online services of the bank')\n",
    "    fig.update_layout(legend_title_text='Degrees')\n",
    "    return fig.show()"
   ]
  },
  {
   "cell_type": "code",
   "execution_count": 122,
   "id": "4aca1b10-d1e9-4c7c-b094-b405720acf10",
   "metadata": {
    "ExecuteTime": {
     "end_time": "2024-02-21T16:38:19.157565349Z",
     "start_time": "2024-02-21T16:38:18.870113972Z"
    }
   },
   "outputs": [],
   "source": [
    "bins = [18, 40, 60, float('inf')]\n",
    "labels = ['Young-aged', 'Middle-aged', 'Elderly']\n",
    "df3 = df.copy()\n",
    "df3['Age'] = pd.cut(df3['Age'], bins=bins, labels=labels)\n",
    "def age_card(df):\n",
    "    fig = px.histogram(df3, x='Age', color='CreditCard', barmode='group', text_auto=True)\n",
    "    return fig.show()"
   ]
  },
  {
   "cell_type": "code",
   "execution_count": 140,
   "outputs": [],
   "source": [
    "def sunburst():\n",
    "    df2 = df3.groupby('Age')['Experience'].mean().astype(int).to_frame()\n",
    "    df2 = pd.concat([df2, df3.groupby('Age')['CreditCard'].sum()], axis=1)\n",
    "    df4 = df3.groupby('Age')['CreditCard'].value_counts().to_frame()\n",
    "    \n",
    "    df5 = df3.groupby(['Age', 'CreditCard']).mean()\n",
    "    df5['Count'] = df4['count']\n",
    "    df5['Experience'] = df5['Experience'].astype(int)\n",
    "    fig = px.sunburst(df5.reset_index(), path=['Age', 'Experience', 'CreditCard'], values='Count')\n",
    "    return fig.show()"
   ],
   "metadata": {
    "collapsed": false,
    "ExecuteTime": {
     "end_time": "2024-02-21T16:46:30.725920583Z",
     "start_time": "2024-02-21T16:46:30.550334033Z"
    }
   },
   "id": "f8614c0e9f02e40a"
  },
  {
   "cell_type": "code",
   "execution_count": 141,
   "id": "2fa9dc117e715c28",
   "metadata": {
    "collapsed": false,
    "ExecuteTime": {
     "end_time": "2024-02-21T16:46:34.327799075Z",
     "start_time": "2024-02-21T16:46:34.273883221Z"
    }
   },
   "outputs": [],
   "source": [
    "def card_count(df):\n",
    "    df2 = df.groupby('CreditCard')['Mortgage'].sum()\n",
    "    df2.rename(index={0: 'No', 1: 'Yes'}, inplace=True)\n",
    "    fig = px.bar(df2, x=df2.index, y=df2.values, color=df2.values, text_auto=True)\n",
    "    fig.update_layout(height=400, width=400, yaxis_title='Total mortgage amount', title='The statistics of CreditCard status')\n",
    "    return fig.show()"
   ]
  },
  {
   "cell_type": "code",
   "execution_count": 142,
   "outputs": [
    {
     "data": {
      "application/vnd.plotly.v1+json": {
       "data": [
        {
         "coloraxis": "coloraxis",
         "name": "0",
         "texttemplate": "%{z}",
         "x": [
          "Age",
          "Experience",
          "Income",
          "ZIP Code",
          "Family",
          "CCAvg",
          "Education",
          "Mortgage",
          "Personal Loan",
          "Securities Account",
          "CD Account",
          "Online",
          "CreditCard"
         ],
         "y": [
          "Age",
          "Experience",
          "Income",
          "ZIP Code",
          "Family",
          "CCAvg",
          "Education",
          "Mortgage",
          "Personal Loan",
          "Securities Account",
          "CD Account",
          "Online",
          "CreditCard"
         ],
         "z": [
          [
           1.0,
           0.9939907211052884,
           0.0552686181799852,
           0.0292162873968533,
           0.046417663585597714,
           0.05201217908143043,
           0.04133438336063453,
           0.012538586859834017,
           0.007725617173534203,
           4.362422234353478E-4,
           0.008042552147187281,
           0.013702402055123448,
           0.007681036758939914
          ],
          [
           0.9939907211052884,
           1.0,
           0.04687554042351022,
           0.028936316319145367,
           0.05185116756183904,
           0.04973774311942198,
           0.013918890965808879,
           0.011096814938767999,
           0.00830387474494336,
           9.89131445534989E-4,
           0.009734797307810633,
           0.014050726369305594,
           0.00885120979644937
          ],
          [
           0.0552686181799852,
           0.04687554042351022,
           1.0,
           0.016409811655448032,
           0.15750078548216204,
           0.6459836696249658,
           0.18752425737223893,
           0.2068062278031723,
           0.502462292494936,
           0.002616496702662834,
           0.16973808030221557,
           0.01420591931782577,
           0.0023850077511430737
          ],
          [
           0.0292162873968533,
           0.028936316319145367,
           0.016409811655448032,
           1.0,
           0.011778204901610793,
           0.004060684903435167,
           0.017376756421595724,
           0.007383377752004523,
           1.0737635433683682E-4,
           0.0047042396060559336,
           0.0199719123090438,
           0.016990066647717,
           0.007691394839549369
          ],
          [
           0.046417663585597714,
           0.05185116756183904,
           0.15750078548216204,
           0.011778204901610793,
           1.0,
           0.10927450575713345,
           0.06492891355581228,
           0.020444930961873057,
           0.06136704401190959,
           0.0199940797696391,
           0.014110364815959373,
           0.010354036168282245,
           0.011588066109776357
          ],
          [
           0.05201217908143043,
           0.04973774311942198,
           0.6459836696249658,
           0.004060684903435167,
           0.10927450575713345,
           1.0,
           0.13612392209012478,
           0.10990472333482998,
           0.3668887355370784,
           0.015086311385122161,
           0.13653365549526048,
           0.003611009456394712,
           0.006689494411293675
          ],
          [
           0.04133438336063453,
           0.013918890965808879,
           0.18752425737223893,
           0.017376756421595724,
           0.06492891355581228,
           0.13612392209012478,
           1.0,
           0.033327124629950466,
           0.13672155003028066,
           0.010812013603974574,
           0.013933888212947438,
           0.015003820555225846,
           0.011014133979204536
          ],
          [
           0.012538586859834017,
           0.011096814938767999,
           0.2068062278031723,
           0.007383377752004523,
           0.020444930961873057,
           0.10990472333482998,
           0.033327124629950466,
           1.0,
           0.14209523632788268,
           0.0054109700472621544,
           0.08931105824156661,
           0.005994898357871135,
           0.00723091942589323
          ],
          [
           0.007725617173534203,
           0.00830387474494336,
           0.502462292494936,
           1.0737635433683682E-4,
           0.06136704401190959,
           0.3668887355370784,
           0.13672155003028066,
           0.14209523632788268,
           1.0,
           0.021953882216311445,
           0.3163548294144036,
           0.0062778153967586675,
           0.002801508841556002
          ],
          [
           4.362422234353478E-4,
           9.89131445534989E-4,
           0.002616496702662834,
           0.0047042396060559336,
           0.0199940797696391,
           0.015086311385122161,
           0.010812013603974574,
           0.0054109700472621544,
           0.021953882216311445,
           1.0,
           0.31703441568066154,
           0.012627470353373395,
           0.01502831889730028
          ],
          [
           0.008042552147187281,
           0.009734797307810633,
           0.16973808030221557,
           0.0199719123090438,
           0.014110364815959373,
           0.13653365549526048,
           0.013933888212947438,
           0.08931105824156661,
           0.3163548294144036,
           0.31703441568066154,
           1.0,
           0.17588001598343864,
           0.27864436461471453
          ],
          [
           0.013702402055123448,
           0.014050726369305594,
           0.01420591931782577,
           0.016990066647717,
           0.010354036168282245,
           0.003611009456394712,
           0.015003820555225846,
           0.005994898357871135,
           0.0062778153967586675,
           0.012627470353373395,
           0.17588001598343864,
           1.0,
           0.004209656154684401
          ],
          [
           0.007681036758939914,
           0.00885120979644937,
           0.0023850077511430737,
           0.007691394839549369,
           0.011588066109776357,
           0.006689494411293675,
           0.011014133979204536,
           0.00723091942589323,
           0.002801508841556002,
           0.01502831889730028,
           0.27864436461471453,
           0.004209656154684401,
           1.0
          ]
         ],
         "type": "heatmap",
         "xaxis": "x",
         "yaxis": "y",
         "hovertemplate": "x: %{x}<br>y: %{y}<br>color: %{z}<extra></extra>"
        }
       ],
       "layout": {
        "template": {
         "data": {
          "histogram2dcontour": [
           {
            "type": "histogram2dcontour",
            "colorbar": {
             "outlinewidth": 0,
             "ticks": ""
            },
            "colorscale": [
             [
              0.0,
              "#0d0887"
             ],
             [
              0.1111111111111111,
              "#46039f"
             ],
             [
              0.2222222222222222,
              "#7201a8"
             ],
             [
              0.3333333333333333,
              "#9c179e"
             ],
             [
              0.4444444444444444,
              "#bd3786"
             ],
             [
              0.5555555555555556,
              "#d8576b"
             ],
             [
              0.6666666666666666,
              "#ed7953"
             ],
             [
              0.7777777777777778,
              "#fb9f3a"
             ],
             [
              0.8888888888888888,
              "#fdca26"
             ],
             [
              1.0,
              "#f0f921"
             ]
            ]
           }
          ],
          "choropleth": [
           {
            "type": "choropleth",
            "colorbar": {
             "outlinewidth": 0,
             "ticks": ""
            }
           }
          ],
          "histogram2d": [
           {
            "type": "histogram2d",
            "colorbar": {
             "outlinewidth": 0,
             "ticks": ""
            },
            "colorscale": [
             [
              0.0,
              "#0d0887"
             ],
             [
              0.1111111111111111,
              "#46039f"
             ],
             [
              0.2222222222222222,
              "#7201a8"
             ],
             [
              0.3333333333333333,
              "#9c179e"
             ],
             [
              0.4444444444444444,
              "#bd3786"
             ],
             [
              0.5555555555555556,
              "#d8576b"
             ],
             [
              0.6666666666666666,
              "#ed7953"
             ],
             [
              0.7777777777777778,
              "#fb9f3a"
             ],
             [
              0.8888888888888888,
              "#fdca26"
             ],
             [
              1.0,
              "#f0f921"
             ]
            ]
           }
          ],
          "heatmap": [
           {
            "type": "heatmap",
            "colorbar": {
             "outlinewidth": 0,
             "ticks": ""
            },
            "colorscale": [
             [
              0.0,
              "#0d0887"
             ],
             [
              0.1111111111111111,
              "#46039f"
             ],
             [
              0.2222222222222222,
              "#7201a8"
             ],
             [
              0.3333333333333333,
              "#9c179e"
             ],
             [
              0.4444444444444444,
              "#bd3786"
             ],
             [
              0.5555555555555556,
              "#d8576b"
             ],
             [
              0.6666666666666666,
              "#ed7953"
             ],
             [
              0.7777777777777778,
              "#fb9f3a"
             ],
             [
              0.8888888888888888,
              "#fdca26"
             ],
             [
              1.0,
              "#f0f921"
             ]
            ]
           }
          ],
          "heatmapgl": [
           {
            "type": "heatmapgl",
            "colorbar": {
             "outlinewidth": 0,
             "ticks": ""
            },
            "colorscale": [
             [
              0.0,
              "#0d0887"
             ],
             [
              0.1111111111111111,
              "#46039f"
             ],
             [
              0.2222222222222222,
              "#7201a8"
             ],
             [
              0.3333333333333333,
              "#9c179e"
             ],
             [
              0.4444444444444444,
              "#bd3786"
             ],
             [
              0.5555555555555556,
              "#d8576b"
             ],
             [
              0.6666666666666666,
              "#ed7953"
             ],
             [
              0.7777777777777778,
              "#fb9f3a"
             ],
             [
              0.8888888888888888,
              "#fdca26"
             ],
             [
              1.0,
              "#f0f921"
             ]
            ]
           }
          ],
          "contourcarpet": [
           {
            "type": "contourcarpet",
            "colorbar": {
             "outlinewidth": 0,
             "ticks": ""
            }
           }
          ],
          "contour": [
           {
            "type": "contour",
            "colorbar": {
             "outlinewidth": 0,
             "ticks": ""
            },
            "colorscale": [
             [
              0.0,
              "#0d0887"
             ],
             [
              0.1111111111111111,
              "#46039f"
             ],
             [
              0.2222222222222222,
              "#7201a8"
             ],
             [
              0.3333333333333333,
              "#9c179e"
             ],
             [
              0.4444444444444444,
              "#bd3786"
             ],
             [
              0.5555555555555556,
              "#d8576b"
             ],
             [
              0.6666666666666666,
              "#ed7953"
             ],
             [
              0.7777777777777778,
              "#fb9f3a"
             ],
             [
              0.8888888888888888,
              "#fdca26"
             ],
             [
              1.0,
              "#f0f921"
             ]
            ]
           }
          ],
          "surface": [
           {
            "type": "surface",
            "colorbar": {
             "outlinewidth": 0,
             "ticks": ""
            },
            "colorscale": [
             [
              0.0,
              "#0d0887"
             ],
             [
              0.1111111111111111,
              "#46039f"
             ],
             [
              0.2222222222222222,
              "#7201a8"
             ],
             [
              0.3333333333333333,
              "#9c179e"
             ],
             [
              0.4444444444444444,
              "#bd3786"
             ],
             [
              0.5555555555555556,
              "#d8576b"
             ],
             [
              0.6666666666666666,
              "#ed7953"
             ],
             [
              0.7777777777777778,
              "#fb9f3a"
             ],
             [
              0.8888888888888888,
              "#fdca26"
             ],
             [
              1.0,
              "#f0f921"
             ]
            ]
           }
          ],
          "mesh3d": [
           {
            "type": "mesh3d",
            "colorbar": {
             "outlinewidth": 0,
             "ticks": ""
            }
           }
          ],
          "scatter": [
           {
            "marker": {
             "line": {
              "color": "#283442"
             }
            },
            "type": "scatter"
           }
          ],
          "parcoords": [
           {
            "type": "parcoords",
            "line": {
             "colorbar": {
              "outlinewidth": 0,
              "ticks": ""
             }
            }
           }
          ],
          "scatterpolargl": [
           {
            "type": "scatterpolargl",
            "marker": {
             "colorbar": {
              "outlinewidth": 0,
              "ticks": ""
             }
            }
           }
          ],
          "bar": [
           {
            "error_x": {
             "color": "#f2f5fa"
            },
            "error_y": {
             "color": "#f2f5fa"
            },
            "marker": {
             "line": {
              "color": "rgb(17,17,17)",
              "width": 0.5
             },
             "pattern": {
              "fillmode": "overlay",
              "size": 10,
              "solidity": 0.2
             }
            },
            "type": "bar"
           }
          ],
          "scattergeo": [
           {
            "type": "scattergeo",
            "marker": {
             "colorbar": {
              "outlinewidth": 0,
              "ticks": ""
             }
            }
           }
          ],
          "scatterpolar": [
           {
            "type": "scatterpolar",
            "marker": {
             "colorbar": {
              "outlinewidth": 0,
              "ticks": ""
             }
            }
           }
          ],
          "histogram": [
           {
            "marker": {
             "pattern": {
              "fillmode": "overlay",
              "size": 10,
              "solidity": 0.2
             }
            },
            "type": "histogram"
           }
          ],
          "scattergl": [
           {
            "marker": {
             "line": {
              "color": "#283442"
             }
            },
            "type": "scattergl"
           }
          ],
          "scatter3d": [
           {
            "type": "scatter3d",
            "line": {
             "colorbar": {
              "outlinewidth": 0,
              "ticks": ""
             }
            },
            "marker": {
             "colorbar": {
              "outlinewidth": 0,
              "ticks": ""
             }
            }
           }
          ],
          "scattermapbox": [
           {
            "type": "scattermapbox",
            "marker": {
             "colorbar": {
              "outlinewidth": 0,
              "ticks": ""
             }
            }
           }
          ],
          "scatterternary": [
           {
            "type": "scatterternary",
            "marker": {
             "colorbar": {
              "outlinewidth": 0,
              "ticks": ""
             }
            }
           }
          ],
          "scattercarpet": [
           {
            "type": "scattercarpet",
            "marker": {
             "colorbar": {
              "outlinewidth": 0,
              "ticks": ""
             }
            }
           }
          ],
          "carpet": [
           {
            "aaxis": {
             "endlinecolor": "#A2B1C6",
             "gridcolor": "#506784",
             "linecolor": "#506784",
             "minorgridcolor": "#506784",
             "startlinecolor": "#A2B1C6"
            },
            "baxis": {
             "endlinecolor": "#A2B1C6",
             "gridcolor": "#506784",
             "linecolor": "#506784",
             "minorgridcolor": "#506784",
             "startlinecolor": "#A2B1C6"
            },
            "type": "carpet"
           }
          ],
          "table": [
           {
            "cells": {
             "fill": {
              "color": "#506784"
             },
             "line": {
              "color": "rgb(17,17,17)"
             }
            },
            "header": {
             "fill": {
              "color": "#2a3f5f"
             },
             "line": {
              "color": "rgb(17,17,17)"
             }
            },
            "type": "table"
           }
          ],
          "barpolar": [
           {
            "marker": {
             "line": {
              "color": "rgb(17,17,17)",
              "width": 0.5
             },
             "pattern": {
              "fillmode": "overlay",
              "size": 10,
              "solidity": 0.2
             }
            },
            "type": "barpolar"
           }
          ],
          "pie": [
           {
            "automargin": true,
            "type": "pie"
           }
          ]
         },
         "layout": {
          "autotypenumbers": "strict",
          "colorway": [
           "#636efa",
           "#EF553B",
           "#00cc96",
           "#ab63fa",
           "#FFA15A",
           "#19d3f3",
           "#FF6692",
           "#B6E880",
           "#FF97FF",
           "#FECB52"
          ],
          "font": {
           "color": "#f2f5fa"
          },
          "hovermode": "closest",
          "hoverlabel": {
           "align": "left"
          },
          "paper_bgcolor": "rgb(17,17,17)",
          "plot_bgcolor": "rgb(17,17,17)",
          "polar": {
           "bgcolor": "rgb(17,17,17)",
           "angularaxis": {
            "gridcolor": "#506784",
            "linecolor": "#506784",
            "ticks": ""
           },
           "radialaxis": {
            "gridcolor": "#506784",
            "linecolor": "#506784",
            "ticks": ""
           }
          },
          "ternary": {
           "bgcolor": "rgb(17,17,17)",
           "aaxis": {
            "gridcolor": "#506784",
            "linecolor": "#506784",
            "ticks": ""
           },
           "baxis": {
            "gridcolor": "#506784",
            "linecolor": "#506784",
            "ticks": ""
           },
           "caxis": {
            "gridcolor": "#506784",
            "linecolor": "#506784",
            "ticks": ""
           }
          },
          "coloraxis": {
           "colorbar": {
            "outlinewidth": 0,
            "ticks": ""
           }
          },
          "colorscale": {
           "sequential": [
            [
             0.0,
             "#0d0887"
            ],
            [
             0.1111111111111111,
             "#46039f"
            ],
            [
             0.2222222222222222,
             "#7201a8"
            ],
            [
             0.3333333333333333,
             "#9c179e"
            ],
            [
             0.4444444444444444,
             "#bd3786"
            ],
            [
             0.5555555555555556,
             "#d8576b"
            ],
            [
             0.6666666666666666,
             "#ed7953"
            ],
            [
             0.7777777777777778,
             "#fb9f3a"
            ],
            [
             0.8888888888888888,
             "#fdca26"
            ],
            [
             1.0,
             "#f0f921"
            ]
           ],
           "sequentialminus": [
            [
             0.0,
             "#0d0887"
            ],
            [
             0.1111111111111111,
             "#46039f"
            ],
            [
             0.2222222222222222,
             "#7201a8"
            ],
            [
             0.3333333333333333,
             "#9c179e"
            ],
            [
             0.4444444444444444,
             "#bd3786"
            ],
            [
             0.5555555555555556,
             "#d8576b"
            ],
            [
             0.6666666666666666,
             "#ed7953"
            ],
            [
             0.7777777777777778,
             "#fb9f3a"
            ],
            [
             0.8888888888888888,
             "#fdca26"
            ],
            [
             1.0,
             "#f0f921"
            ]
           ],
           "diverging": [
            [
             0,
             "#8e0152"
            ],
            [
             0.1,
             "#c51b7d"
            ],
            [
             0.2,
             "#de77ae"
            ],
            [
             0.3,
             "#f1b6da"
            ],
            [
             0.4,
             "#fde0ef"
            ],
            [
             0.5,
             "#f7f7f7"
            ],
            [
             0.6,
             "#e6f5d0"
            ],
            [
             0.7,
             "#b8e186"
            ],
            [
             0.8,
             "#7fbc41"
            ],
            [
             0.9,
             "#4d9221"
            ],
            [
             1,
             "#276419"
            ]
           ]
          },
          "xaxis": {
           "gridcolor": "#283442",
           "linecolor": "#506784",
           "ticks": "",
           "title": {
            "standoff": 15
           },
           "zerolinecolor": "#283442",
           "automargin": true,
           "zerolinewidth": 2
          },
          "yaxis": {
           "gridcolor": "#283442",
           "linecolor": "#506784",
           "ticks": "",
           "title": {
            "standoff": 15
           },
           "zerolinecolor": "#283442",
           "automargin": true,
           "zerolinewidth": 2
          },
          "scene": {
           "xaxis": {
            "backgroundcolor": "rgb(17,17,17)",
            "gridcolor": "#506784",
            "linecolor": "#506784",
            "showbackground": true,
            "ticks": "",
            "zerolinecolor": "#C8D4E3",
            "gridwidth": 2
           },
           "yaxis": {
            "backgroundcolor": "rgb(17,17,17)",
            "gridcolor": "#506784",
            "linecolor": "#506784",
            "showbackground": true,
            "ticks": "",
            "zerolinecolor": "#C8D4E3",
            "gridwidth": 2
           },
           "zaxis": {
            "backgroundcolor": "rgb(17,17,17)",
            "gridcolor": "#506784",
            "linecolor": "#506784",
            "showbackground": true,
            "ticks": "",
            "zerolinecolor": "#C8D4E3",
            "gridwidth": 2
           }
          },
          "shapedefaults": {
           "line": {
            "color": "#f2f5fa"
           }
          },
          "annotationdefaults": {
           "arrowcolor": "#f2f5fa",
           "arrowhead": 0,
           "arrowwidth": 1
          },
          "geo": {
           "bgcolor": "rgb(17,17,17)",
           "landcolor": "rgb(17,17,17)",
           "subunitcolor": "#506784",
           "showland": true,
           "showlakes": true,
           "lakecolor": "rgb(17,17,17)"
          },
          "title": {
           "x": 0.05
          },
          "updatemenudefaults": {
           "bgcolor": "#506784",
           "borderwidth": 0
          },
          "sliderdefaults": {
           "bgcolor": "#C8D4E3",
           "borderwidth": 1,
           "bordercolor": "rgb(17,17,17)",
           "tickwidth": 0
          },
          "mapbox": {
           "style": "dark"
          }
         }
        },
        "xaxis": {
         "anchor": "y",
         "domain": [
          0.0,
          1.0
         ],
         "scaleanchor": "y",
         "constrain": "domain"
        },
        "yaxis": {
         "anchor": "x",
         "domain": [
          0.0,
          1.0
         ],
         "autorange": "reversed",
         "constrain": "domain"
        },
        "coloraxis": {
         "colorscale": [
          [
           0.0,
           "#0d0887"
          ],
          [
           0.1111111111111111,
           "#46039f"
          ],
          [
           0.2222222222222222,
           "#7201a8"
          ],
          [
           0.3333333333333333,
           "#9c179e"
          ],
          [
           0.4444444444444444,
           "#bd3786"
          ],
          [
           0.5555555555555556,
           "#d8576b"
          ],
          [
           0.6666666666666666,
           "#ed7953"
          ],
          [
           0.7777777777777778,
           "#fb9f3a"
          ],
          [
           0.8888888888888888,
           "#fdca26"
          ],
          [
           1.0,
           "#f0f921"
          ]
         ]
        },
        "margin": {
         "t": 60
        },
        "height": 900,
        "width": 900
       },
       "config": {
        "plotlyServerURL": "https://plot.ly"
       }
      },
