{
 "cells": [
  {
   "cell_type": "code",
   "outputs": [
    {
     "name": "stdout",
     "output_type": "stream",
     "text": [
      "Requirement already satisfied: scikit-learn in /home/aziz/PycharmProjects/LinearRegression/.venv/lib/python3.11/site-packages (1.4.1.post1)\r\n",
      "Requirement already satisfied: numpy<2.0,>=1.19.5 in /home/aziz/PycharmProjects/LinearRegression/.venv/lib/python3.11/site-packages (from scikit-learn) (1.26.4)\r\n",
      "Requirement already satisfied: scipy>=1.6.0 in /home/aziz/PycharmProjects/LinearRegression/.venv/lib/python3.11/site-packages (from scikit-learn) (1.12.0)\r\n",
      "Requirement already satisfied: joblib>=1.2.0 in /home/aziz/PycharmProjects/LinearRegression/.venv/lib/python3.11/site-packages (from scikit-learn) (1.3.2)\r\n",
      "Requirement already satisfied: threadpoolctl>=2.0.0 in /home/aziz/PycharmProjects/LinearRegression/.venv/lib/python3.11/site-packages (from scikit-learn) (3.3.0)\r\n",
      "\r\n",
      "\u001B[1m[\u001B[0m\u001B[34;49mnotice\u001B[0m\u001B[1;39;49m]\u001B[0m\u001B[39;49m A new release of pip is available: \u001B[0m\u001B[31;49m23.3.2\u001B[0m\u001B[39;49m -> \u001B[0m\u001B[32;49m24.0\u001B[0m\r\n",
      "\u001B[1m[\u001B[0m\u001B[34;49mnotice\u001B[0m\u001B[1;39;49m]\u001B[0m\u001B[39;49m To update, run: \u001B[0m\u001B[32;49mpip install --upgrade pip\u001B[0m\r\n",
      "Note: you may need to restart the kernel to use updated packages.\n"
     ]
    }
   ],
   "source": [
    "%pip install scikit-learn"
   ],
   "metadata": {
    "collapsed": false,
    "ExecuteTime": {
     "end_time": "2024-03-17T07:26:52.061654Z",
     "start_time": "2024-03-17T07:26:50.309981Z"
    }
   },
   "id": "95a520631a95691f",
   "execution_count": 124
  },
  {
   "cell_type": "code",
   "outputs": [],
   "source": [
    "import pandas as pd\n",
    "import numpy as np\n",
    "import plotly_express as px\n",
    "import matplotlib.pyplot as plt\n",
    "import warnings\n",
    "warnings.filterwarnings('ignore')\n",
    "from sklearn.model_selection import train_test_split\n",
    "from sklearn.metrics import accuracy_score, mean_squared_error, confusion_matrix, ConfusionMatrixDisplay\n",
    "from sklearn.model_selection import cross_val_score\n",
    "from sklearn.linear_model import LogisticRegression\n",
    "from sklearn.tree import DecisionTreeClassifier\n",
    "from sklearn.ensemble import RandomForestClassifier\n",
    "from sklearn.svm import SVC\n",
    "from sklearn.neighbors import KNeighborsClassifier\n",
    "from sklearn.discriminant_analysis import LinearDiscriminantAnalysis\n",
    "from sklearn.naive_bayes import GaussianNB"
   ],
   "metadata": {
    "collapsed": false,
    "ExecuteTime": {
     "end_time": "2024-03-17T11:14:29.979622Z",
     "start_time": "2024-03-17T11:14:29.973767Z"
    }
   },
   "id": "8e00e21f75e99a30",
   "execution_count": 194
  },
  {
   "cell_type": "code",
   "outputs": [],
   "source": [
    "data = pd.read_csv('Visa_For_Lisa_Loan_Modelling.csv')"
   ],
   "metadata": {
    "collapsed": true,
    "ExecuteTime": {
     "end_time": "2024-03-17T06:40:07.022524Z",
     "start_time": "2024-03-17T06:40:07.015995Z"
    }
   },
   "id": "initial_id",
   "execution_count": 64
  },
  {
   "cell_type": "markdown",
   "source": [
    "## Dataset"
   ],
   "metadata": {
    "collapsed": false
   },
   "id": "9bf0bedf3f7ee036"
  },
  {
   "cell_type": "code",
   "outputs": [],
   "source": [
    "data.drop('ID', axis=1, inplace=True)"
   ],
   "metadata": {
    "collapsed": false,
    "ExecuteTime": {
     "end_time": "2024-03-17T09:11:08.917143Z",
     "start_time": "2024-03-17T09:11:08.912307Z"
    }
   },
   "id": "607cb72dc7420692",
   "execution_count": 181
  },
  {
   "cell_type": "code",
   "outputs": [
    {
     "data": {
      "text/plain": "      Age  Experience  Income  ZIP Code  Family  CCAvg  Education  Mortgage  \\\n0      25           1      49     91107       4    1.6          1         0   \n1      45          19      34     90089       3    1.5          1         0   \n2      39          15      11     94720       1    1.0          1         0   \n3      35           9     100     94112       1    2.7          2         0   \n4      35           8      45     91330       4    1.0          2         0   \n...   ...         ...     ...       ...     ...    ...        ...       ...   \n4995   29           3      40     92697       1    1.9          3         0   \n4996   30           4      15     92037       4    0.4          1        85   \n4997   63          39      24     93023       2    0.3          3         0   \n4998   65          40      49     90034       3    0.5          2         0   \n4999   28           4      83     92612       3    0.8          1         0   \n\n      Personal Loan  Securities Account  CD Account  Online  CreditCard  \\\n0                 0                   1           0       0           0   \n1                 0                   1           0       0           0   \n2                 0                   0           0       0           0   \n3                 0                   0           0       0           0   \n4                 0                   0           0       0           1   \n...             ...                 ...         ...     ...         ...   \n4995              0                   0           0       1           0   \n4996              0                   0           0       1           0   \n4997              0                   0           0       0           0   \n4998              0                   0           0       1           0   \n4999              0                   0           0       1           1   \n\n      Target  \n0         49  \n1         34  \n2         11  \n3        100  \n4         45  \n...      ...  \n4995      40  \n4996      15  \n4997      24  \n4998      49  \n4999      83  \n\n[5000 rows x 14 columns]",
      "text/html": "<div>\n<style scoped>\n    .dataframe tbody tr th:only-of-type {\n        vertical-align: middle;\n    }\n\n    .dataframe tbody tr th {\n        vertical-align: top;\n    }\n\n    .dataframe thead th {\n        text-align: right;\n    }\n</style>\n<table border=\"1\" class=\"dataframe\">\n  <thead>\n    <tr style=\"text-align: right;\">\n      <th></th>\n      <th>Age</th>\n      <th>Experience</th>\n      <th>Income</th>\n      <th>ZIP Code</th>\n      <th>Family</th>\n      <th>CCAvg</th>\n      <th>Education</th>\n      <th>Mortgage</th>\n      <th>Personal Loan</th>\n      <th>Securities Account</th>\n      <th>CD Account</th>\n      <th>Online</th>\n      <th>CreditCard</th>\n      <th>Target</th>\n    </tr>\n  </thead>\n  <tbody>\n    <tr>\n      <th>0</th>\n      <td>25</td>\n      <td>1</td>\n      <td>49</td>\n      <td>91107</td>\n      <td>4</td>\n      <td>1.6</td>\n      <td>1</td>\n      <td>0</td>\n      <td>0</td>\n      <td>1</td>\n      <td>0</td>\n      <td>0</td>\n      <td>0</td>\n      <td>49</td>\n    </tr>\n    <tr>\n      <th>1</th>\n      <td>45</td>\n      <td>19</td>\n      <td>34</td>\n      <td>90089</td>\n      <td>3</td>\n      <td>1.5</td>\n      <td>1</td>\n      <td>0</td>\n      <td>0</td>\n      <td>1</td>\n      <td>0</td>\n      <td>0</td>\n      <td>0</td>\n      <td>34</td>\n    </tr>\n    <tr>\n      <th>2</th>\n      <td>39</td>\n      <td>15</td>\n      <td>11</td>\n      <td>94720</td>\n      <td>1</td>\n      <td>1.0</td>\n      <td>1</td>\n      <td>0</td>\n      <td>0</td>\n      <td>0</td>\n      <td>0</td>\n      <td>0</td>\n      <td>0</td>\n      <td>11</td>\n    </tr>\n    <tr>\n      <th>3</th>\n      <td>35</td>\n      <td>9</td>\n      <td>100</td>\n      <td>94112</td>\n      <td>1</td>\n      <td>2.7</td>\n      <td>2</td>\n      <td>0</td>\n      <td>0</td>\n      <td>0</td>\n      <td>0</td>\n      <td>0</td>\n      <td>0</td>\n      <td>100</td>\n    </tr>\n    <tr>\n      <th>4</th>\n      <td>35</td>\n      <td>8</td>\n      <td>45</td>\n      <td>91330</td>\n      <td>4</td>\n      <td>1.0</td>\n      <td>2</td>\n      <td>0</td>\n      <td>0</td>\n      <td>0</td>\n      <td>0</td>\n      <td>0</td>\n      <td>1</td>\n      <td>45</td>\n    </tr>\n    <tr>\n      <th>...</th>\n      <td>...</td>\n      <td>...</td>\n      <td>...</td>\n      <td>...</td>\n      <td>...</td>\n      <td>...</td>\n      <td>...</td>\n      <td>...</td>\n      <td>...</td>\n      <td>...</td>\n      <td>...</td>\n      <td>...</td>\n      <td>...</td>\n      <td>...</td>\n    </tr>\n    <tr>\n      <th>4995</th>\n      <td>29</td>\n      <td>3</td>\n      <td>40</td>\n      <td>92697</td>\n      <td>1</td>\n      <td>1.9</td>\n      <td>3</td>\n      <td>0</td>\n      <td>0</td>\n      <td>0</td>\n      <td>0</td>\n      <td>1</td>\n      <td>0</td>\n      <td>40</td>\n    </tr>\n    <tr>\n      <th>4996</th>\n      <td>30</td>\n      <td>4</td>\n      <td>15</td>\n      <td>92037</td>\n      <td>4</td>\n      <td>0.4</td>\n      <td>1</td>\n      <td>85</td>\n      <td>0</td>\n      <td>0</td>\n      <td>0</td>\n      <td>1</td>\n      <td>0</td>\n      <td>15</td>\n    </tr>\n    <tr>\n      <th>4997</th>\n      <td>63</td>\n      <td>39</td>\n      <td>24</td>\n      <td>93023</td>\n      <td>2</td>\n      <td>0.3</td>\n      <td>3</td>\n      <td>0</td>\n      <td>0</td>\n      <td>0</td>\n      <td>0</td>\n      <td>0</td>\n      <td>0</td>\n      <td>24</td>\n    </tr>\n    <tr>\n      <th>4998</th>\n      <td>65</td>\n      <td>40</td>\n      <td>49</td>\n      <td>90034</td>\n      <td>3</td>\n      <td>0.5</td>\n      <td>2</td>\n      <td>0</td>\n      <td>0</td>\n      <td>0</td>\n      <td>0</td>\n      <td>1</td>\n      <td>0</td>\n      <td>49</td>\n    </tr>\n    <tr>\n      <th>4999</th>\n      <td>28</td>\n      <td>4</td>\n      <td>83</td>\n      <td>92612</td>\n      <td>3</td>\n      <td>0.8</td>\n      <td>1</td>\n      <td>0</td>\n      <td>0</td>\n      <td>0</td>\n      <td>0</td>\n      <td>1</td>\n      <td>1</td>\n      <td>83</td>\n    </tr>\n  </tbody>\n</table>\n<p>5000 rows × 14 columns</p>\n</div>"
     },
     "execution_count": 182,
     "metadata": {},
     "output_type": "execute_result"
    }
   ],
   "source": [
    "data"
   ],
   "metadata": {
    "collapsed": false,
    "ExecuteTime": {
     "end_time": "2024-03-17T09:11:16.733957Z",
     "start_time": "2024-03-17T09:11:16.723304Z"
    }
   },
   "id": "38ee6c7de0c55f86",
   "execution_count": 182
  },
  {
   "cell_type": "markdown",
   "source": [
    "## Statistics of Dataset"
   ],
   "metadata": {
    "collapsed": false
   },
   "id": "2cda2a556311605c"
  },
  {
   "cell_type": "code",
   "outputs": [
    {
     "name": "stdout",
     "output_type": "stream",
     "text": [
      "<class 'pandas.core.frame.DataFrame'>\n",
      "RangeIndex: 5000 entries, 0 to 4999\n",
      "Data columns (total 14 columns):\n",
      " #   Column              Non-Null Count  Dtype  \n",
      "---  ------              --------------  -----  \n",
      " 0   Age                 5000 non-null   int64  \n",
      " 1   Experience          5000 non-null   int64  \n",
      " 2   Income              5000 non-null   int64  \n",
      " 3   ZIP Code            5000 non-null   int64  \n",
      " 4   Family              5000 non-null   int64  \n",
      " 5   CCAvg               5000 non-null   float64\n",
      " 6   Education           5000 non-null   int64  \n",
      " 7   Mortgage            5000 non-null   int64  \n",
      " 8   Personal Loan       5000 non-null   int64  \n",
      " 9   Securities Account  5000 non-null   int64  \n",
      " 10  CD Account          5000 non-null   int64  \n",
      " 11  Online              5000 non-null   int64  \n",
      " 12  CreditCard          5000 non-null   int64  \n",
      " 13  Target              5000 non-null   int64  \n",
      "dtypes: float64(1), int64(13)\n",
      "memory usage: 547.0 KB\n",
      "None\n",
      "\n",
      "               Age   Experience       Income      ZIP Code       Family  \\\n",
      "count  5000.000000  5000.000000  5000.000000   5000.000000  5000.000000   \n",
      "mean     45.338400    20.104600    73.774200  93152.503000     2.396400   \n",
      "std      11.463166    11.467954    46.033729   2121.852197     1.147663   \n",
      "min      23.000000    -3.000000     8.000000   9307.000000     1.000000   \n",
      "25%      35.000000    10.000000    39.000000  91911.000000     1.000000   \n",
      "50%      45.000000    20.000000    64.000000  93437.000000     2.000000   \n",
      "75%      55.000000    30.000000    98.000000  94608.000000     3.000000   \n",
      "max      67.000000    43.000000   224.000000  96651.000000     4.000000   \n",
      "\n",
      "             CCAvg    Education     Mortgage  Personal Loan  \\\n",
      "count  5000.000000  5000.000000  5000.000000    5000.000000   \n",
      "mean      1.937938     1.881000    56.498800       0.096000   \n",
      "std       1.747659     0.839869   101.713802       0.294621   \n",
      "min       0.000000     1.000000     0.000000       0.000000   \n",
      "25%       0.700000     1.000000     0.000000       0.000000   \n",
      "50%       1.500000     2.000000     0.000000       0.000000   \n",
      "75%       2.500000     3.000000   101.000000       0.000000   \n",
      "max      10.000000     3.000000   635.000000       1.000000   \n",
      "\n",
      "       Securities Account  CD Account       Online   CreditCard       Target  \n",
      "count         5000.000000  5000.00000  5000.000000  5000.000000  5000.000000  \n",
      "mean             0.104400     0.06040     0.596800     0.294000    73.870200  \n",
      "std              0.305809     0.23825     0.490589     0.455637    46.182468  \n",
      "min              0.000000     0.00000     0.000000     0.000000     8.000000  \n",
      "25%              0.000000     0.00000     0.000000     0.000000    39.000000  \n",
      "50%              0.000000     0.00000     1.000000     0.000000    64.000000  \n",
      "75%              0.000000     0.00000     1.000000     1.000000    98.000000  \n",
      "max              1.000000     1.00000     1.000000     1.000000   224.000000  \n"
     ]
    }
   ],
   "source": [
    "print(data.info())\n",
    "print()\n",
    "print(data.describe())"
   ],
   "metadata": {
    "collapsed": false,
    "ExecuteTime": {
     "end_time": "2024-03-17T09:13:47.785594Z",
     "start_time": "2024-03-17T09:13:47.756992Z"
    }
   },
   "id": "bce90449efe189c",
   "execution_count": 183
  },
  {
   "cell_type": "code",
   "outputs": [
    {
     "data": {
      "text/plain": "Age                   0\nExperience            0\nIncome                0\nZIP Code              0\nFamily                0\nCCAvg                 0\nEducation             0\nMortgage              0\nPersonal Loan         0\nSecurities Account    0\nCD Account            0\nOnline                0\nCreditCard            0\nTarget                0\ndtype: int64"
     },
     "execution_count": 185,
     "metadata": {},
     "output_type": "execute_result"
    }
   ],
   "source": [
    "data.isnull().sum()"
   ],
   "metadata": {
    "collapsed": false,
    "ExecuteTime": {
     "end_time": "2024-03-17T09:15:39.699316Z",
     "start_time": "2024-03-17T09:15:39.691426Z"
    }
   },
   "id": "1e021b0d25bcedcc",
   "execution_count": 185
  },
  {
   "cell_type": "markdown",
   "source": [
    "## Visualizations"
   ],
   "metadata": {
    "collapsed": false
   },
   "id": "3afcdda19b2cb2ca"
  },
  {
   "cell_type": "code",
   "outputs": [
    {
     "data": {
      "application/vnd.plotly.v1+json": {
       "data": [
        {
         "coloraxis": "coloraxis",
         "name": "0",
         "texttemplate": "%{z}",
         "x": [
          "Age",
          "Experience",
          "Income",
          "ZIP Code",
          "Family",
          "CCAvg",
          "Education",
          "Mortgage",
          "Personal Loan",
          "Securities Account",
          "CD Account",
          "Online",
          "CreditCard",
          "Target"
         ],
         "y": [
          "Age",
          "Experience",
          "Income",
          "ZIP Code",
          "Family",
          "CCAvg",
          "Education",
          "Mortgage",
          "Personal Loan",
          "Securities Account",
          "CD Account",
          "Online",
          "CreditCard",
          "Target"
         ],
         "z": [
          [
           1.0,
           0.9942148569683337,
           -0.0552686181799852,
           -0.0292162873968533,
           -0.046417663585597714,
           -0.05201217908143043,
           0.04133438336063453,
           -0.012538586859834017,
           -0.007725617173534203,
           -4.362422234353478E-4,
           0.008042552147187281,
           0.013702402055123448,
           0.007681036758939914,
           -0.05513990193543692
          ],
          [
           0.9942148569683337,
           1.0,
           -0.04657417765298205,
           -0.028625547987431565,
           -0.05256314713644557,
           -0.05007651057794994,
           0.013151812889482055,
           -0.010581552418193354,
           -0.007413098076770269,
           -0.0012321344074537719,
           0.01035333115086068,
           0.013897899571362267,
           0.008967447335361397,
           -0.046471469584495245
          ],
          [
           -0.0552686181799852,
           -0.04657417765298205,
           1.0,
           -0.016409811655448032,
           -0.15750078548216204,
           0.6459836696249658,
           -0.18752425737223893,
           0.2068062278031723,
           0.502462292494936,
           -0.002616496702662834,
           0.16973808030221557,
           0.01420591931782577,
           -0.0023850077511430737,
           0.9999847883910733
          ],
          [
           -0.0292162873968533,
           -0.028625547987431565,
           -0.016409811655448032,
           1.0,
           0.011778204901610793,
           -0.004060684903435167,
           -0.017376756421595724,
           0.007383377752004523,
           1.0737635433683682E-4,
           0.0047042396060559336,
           0.0199719123090438,
           0.016990066647717,
           0.007691394839549369,
           -0.016356276125768024
          ],
          [
           -0.046417663585597714,
           -0.05256314713644557,
           -0.15750078548216204,
           0.011778204901610793,
           1.0,
           -0.10927450575713345,
           0.06492891355581228,
           -0.020444930961873057,
           0.06136704401190959,
           0.0199940797696391,
           0.014110364815959373,
           0.010354036168282245,
           0.011588066109776357,
           -0.15660203745501383
          ],
          [
           -0.05201217908143043,
           -0.05007651057794994,
           0.6459836696249658,
           -0.004060684903435167,
           -0.10927450575713345,
           1.0,
           -0.13612392209012478,
           0.10990472333482998,
           0.3668887355370784,
           0.015086311385122161,
           0.13653365549526048,
           -0.003611009456394712,
           -0.006689494411293675,
           0.6462437358973833
          ],
          [
           0.04133438336063453,
           0.013151812889482055,
           -0.18752425737223893,
           -0.017376756421595724,
           0.06492891355581228,
           -0.13612392209012478,
           1.0,
           -0.033327124629950466,
           0.13672155003028066,
           -0.010812013603974574,
           0.013933888212947438,
           -0.015003820555225846,
           -0.011014133979204536,
           -0.18604809026306973
          ],
          [
           -0.012538586859834017,
           -0.010581552418193354,
           0.2068062278031723,
           0.007383377752004523,
           -0.020444930961873057,
           0.10990472333482998,
           -0.033327124629950466,
           1.0,
           0.14209523632788268,
           -0.0054109700472621544,
           0.08931105824156661,
           -0.005994898357871135,
           -0.00723091942589323,
           0.20704666950374837
          ],
          [
           -0.007725617173534203,
           -0.007413098076770269,
           0.502462292494936,
           1.0737635433683682E-4,
           0.06136704401190959,
           0.3668887355370784,
           0.13672155003028066,
           0.14209523632788268,
           1.0,
           0.021953882216311445,
           0.3163548294144036,
           0.0062778153967586675,
           0.002801508841556002,
           0.5072235217541944
          ],
          [
           -4.362422234353478E-4,
           -0.0012321344074537719,
           -0.002616496702662834,
           0.0047042396060559336,
           0.0199940797696391,
           0.015086311385122161,
           -0.010812013603974574,
           -0.0054109700472621544,
           0.021953882216311445,
           1.0,
           0.31703441568066154,
           0.012627470353373395,
           -0.01502831889730028,
           -0.0024680152136937333
          ],
          [
           0.008042552147187281,
           0.01035333115086068,
           0.16973808030221557,
           0.0199719123090438,
           0.014110364815959373,
           0.13653365549526048,
           0.013933888212947438,
           0.08931105824156661,
           0.3163548294144036,
           0.31703441568066154,
           1.0,
           0.17588001598343864,
           0.27864436461471453,
           0.17120959389327897
          ],
          [
           0.013702402055123448,
           0.013897899571362267,
           0.01420591931782577,
           0.016990066647717,
           0.010354036168282245,
           -0.003611009456394712,
           -0.015003820555225846,
           -0.005994898357871135,
           0.0062778153967586675,
           0.012627470353373395,
           0.17588001598343864,
           1.0,
           0.004209656154684401,
           0.01420021607221819
          ],
          [
           0.007681036758939914,
           0.008967447335361397,
           -0.0023850077511430737,
           0.007691394839549369,
           0.011588066109776357,
           -0.006689494411293675,
           -0.011014133979204536,
           -0.00723091942589323,
           0.002801508841556002,
           -0.01502831889730028,
           0.27864436461471453,
           0.004209656154684401,
           1.0,
           -0.0023594542330478705
          ],
          [
           -0.05513990193543692,
           -0.046471469584495245,
           0.9999847883910733,
           -0.016356276125768024,
           -0.15660203745501383,
           0.6462437358973833,
           -0.18604809026306973,
           0.20704666950374837,
           0.5072235217541944,
           -0.0024680152136937333,
           0.17120959389327897,
           0.01420021607221819,
           -0.0023594542330478705,
           1.0
          ]
         ],
         "type": "heatmap",
         "xaxis": "x",
         "yaxis": "y",
         "hovertemplate": "x: %{x}<br>y: %{y}<br>color: %{z}<extra></extra>"
        }
       ],
       "layout": {
        "template": {
         "data": {
          "histogram2dcontour": [
           {
            "type": "histogram2dcontour",
            "colorbar": {
             "outlinewidth": 0,
             "ticks": ""
            },
            "colorscale": [
             [
              0.0,
              "#0d0887"
             ],
             [
              0.1111111111111111,
              "#46039f"
             ],
             [
              0.2222222222222222,
              "#7201a8"
             ],
             [
              0.3333333333333333,
              "#9c179e"
             ],
             [
              0.4444444444444444,
              "#bd3786"
             ],
             [
              0.5555555555555556,
              "#d8576b"
             ],
             [
              0.6666666666666666,
              "#ed7953"
             ],
             [
              0.7777777777777778,
              "#fb9f3a"
             ],
             [
              0.8888888888888888,
              "#fdca26"
             ],
             [
              1.0,
              "#f0f921"
             ]
            ]
           }
          ],
          "choropleth": [
           {
            "type": "choropleth",
            "colorbar": {
             "outlinewidth": 0,
             "ticks": ""
            }
           }
          ],
          "histogram2d": [
           {
            "type": "histogram2d",
            "colorbar": {
             "outlinewidth": 0,
             "ticks": ""
            },
            "colorscale": [
             [
              0.0,
              "#0d0887"
             ],
             [
              0.1111111111111111,
              "#46039f"
             ],
             [
              0.2222222222222222,
              "#7201a8"
             ],
             [
              0.3333333333333333,
              "#9c179e"
             ],
             [
              0.4444444444444444,
              "#bd3786"
             ],
             [
              0.5555555555555556,
              "#d8576b"
             ],
             [
              0.6666666666666666,
              "#ed7953"
             ],
             [
              0.7777777777777778,
              "#fb9f3a"
             ],
             [
              0.8888888888888888,
              "#fdca26"
             ],
             [
              1.0,
              "#f0f921"
             ]
            ]
           }
          ],
          "heatmap": [
           {
            "type": "heatmap",
            "colorbar": {
             "outlinewidth": 0,
             "ticks": ""
            },
            "colorscale": [
             [
              0.0,
              "#0d0887"
             ],
             [
              0.1111111111111111,
              "#46039f"
             ],
             [
              0.2222222222222222,
              "#7201a8"
             ],
             [
              0.3333333333333333,
              "#9c179e"
             ],
             [
              0.4444444444444444,
              "#bd3786"
             ],
             [
              0.5555555555555556,
              "#d8576b"
             ],
             [
              0.6666666666666666,
              "#ed7953"
             ],
             [
              0.7777777777777778,
              "#fb9f3a"
             ],
             [
              0.8888888888888888,
              "#fdca26"
             ],
             [
              1.0,
              "#f0f921"
             ]
            ]
           }
          ],
          "heatmapgl": [
           {
            "type": "heatmapgl",
            "colorbar": {
             "outlinewidth": 0,
             "ticks": ""
            },
            "colorscale": [
             [
              0.0,
              "#0d0887"
             ],
             [
              0.1111111111111111,
              "#46039f"
             ],
             [
              0.2222222222222222,
              "#7201a8"
             ],
             [
              0.3333333333333333,
              "#9c179e"
             ],
             [
              0.4444444444444444,
              "#bd3786"
             ],
             [
              0.5555555555555556,
              "#d8576b"
             ],
             [
              0.6666666666666666,
              "#ed7953"
             ],
             [
              0.7777777777777778,
              "#fb9f3a"
             ],
             [
              0.8888888888888888,
              "#fdca26"
             ],
             [
              1.0,
              "#f0f921"
             ]
            ]
           }
          ],
          "contourcarpet": [
           {
            "type": "contourcarpet",
            "colorbar": {
             "outlinewidth": 0,
             "ticks": ""
            }
           }
          ],
          "contour": [
           {
            "type": "contour",
            "colorbar": {
             "outlinewidth": 0,
             "ticks": ""
            },
            "colorscale": [
             [
              0.0,
              "#0d0887"
             ],
             [
              0.1111111111111111,
              "#46039f"
             ],
             [
              0.2222222222222222,
              "#7201a8"
             ],
             [
              0.3333333333333333,
              "#9c179e"
             ],
             [
              0.4444444444444444,
              "#bd3786"
             ],
             [
              0.5555555555555556,
              "#d8576b"
             ],
             [
              0.6666666666666666,
              "#ed7953"
             ],
             [
              0.7777777777777778,
              "#fb9f3a"
             ],
             [
              0.8888888888888888,
              "#fdca26"
             ],
             [
              1.0,
              "#f0f921"
             ]
            ]
           }
          ],
          "surface": [
           {
            "type": "surface",
            "colorbar": {
             "outlinewidth": 0,
             "ticks": ""
            },
            "colorscale": [
             [
              0.0,
              "#0d0887"
             ],
             [
              0.1111111111111111,
              "#46039f"
             ],
             [
              0.2222222222222222,
              "#7201a8"
             ],
             [
              0.3333333333333333,
              "#9c179e"
             ],
             [
              0.4444444444444444,
              "#bd3786"
             ],
             [
              0.5555555555555556,
              "#d8576b"
             ],
             [
              0.6666666666666666,
              "#ed7953"
             ],
             [
              0.7777777777777778,
              "#fb9f3a"
             ],
             [
              0.8888888888888888,
              "#fdca26"
             ],
             [
              1.0,
              "#f0f921"
             ]
            ]
           }
          ],
          "mesh3d": [
           {
            "type": "mesh3d",
            "colorbar": {
             "outlinewidth": 0,
             "ticks": ""
            }
           }
          ],
          "scatter": [
           {
            "marker": {
             "line": {
              "color": "#283442"
             }
            },
            "type": "scatter"
           }
          ],
          "parcoords": [
           {
            "type": "parcoords",
            "line": {
             "colorbar": {
              "outlinewidth": 0,
              "ticks": ""
             }
            }
           }
          ],
          "scatterpolargl": [
           {
            "type": "scatterpolargl",
            "marker": {
             "colorbar": {
              "outlinewidth": 0,
              "ticks": ""
             }
            }
           }
          ],
          "bar": [
           {
            "error_x": {
             "color": "#f2f5fa"
            },
            "error_y": {
             "color": "#f2f5fa"
            },
            "marker": {
             "line": {
              "color": "rgb(17,17,17)",
              "width": 0.5
             },
             "pattern": {
              "fillmode": "overlay",
              "size": 10,
              "solidity": 0.2
             }
            },
            "type": "bar"
           }
          ],
          "scattergeo": [
           {
            "type": "scattergeo",
            "marker": {
             "colorbar": {
              "outlinewidth": 0,
              "ticks": ""
             }
            }
           }
          ],
          "scatterpolar": [
           {
            "type": "scatterpolar",
            "marker": {
             "colorbar": {
              "outlinewidth": 0,
              "ticks": ""
             }
            }
           }
          ],
          "histogram": [
           {
            "marker": {
             "pattern": {
              "fillmode": "overlay",
              "size": 10,
              "solidity": 0.2
             }
            },
            "type": "histogram"
           }
          ],
          "scattergl": [
           {
            "marker": {
             "line": {
              "color": "#283442"
             }
            },
            "type": "scattergl"
           }
          ],
          "scatter3d": [
           {
            "type": "scatter3d",
            "line": {
             "colorbar": {
              "outlinewidth": 0,
              "ticks": ""
             }
            },
            "marker": {
             "colorbar": {
              "outlinewidth": 0,
              "ticks": ""
             }
            }
           }
          ],
          "scattermapbox": [
           {
            "type": "scattermapbox",
            "marker": {
             "colorbar": {
              "outlinewidth": 0,
              "ticks": ""
             }
            }
           }
          ],
          "scatterternary": [
           {
            "type": "scatterternary",
            "marker": {
             "colorbar": {
              "outlinewidth": 0,
              "ticks": ""
             }
            }
           }
          ],
          "scattercarpet": [
           {
            "type": "scattercarpet",
            "marker": {
             "colorbar": {
              "outlinewidth": 0,
              "ticks": ""
             }
            }
           }
          ],
          "carpet": [
           {
            "aaxis": {
             "endlinecolor": "#A2B1C6",
             "gridcolor": "#506784",
             "linecolor": "#506784",
             "minorgridcolor": "#506784",
             "startlinecolor": "#A2B1C6"
            },
            "baxis": {
             "endlinecolor": "#A2B1C6",
             "gridcolor": "#506784",
             "linecolor": "#506784",
             "minorgridcolor": "#506784",
             "startlinecolor": "#A2B1C6"
            },
            "type": "carpet"
           }
          ],
          "table": [
           {
            "cells": {
             "fill": {
              "color": "#506784"
             },
             "line": {
              "color": "rgb(17,17,17)"
             }
            },
            "header": {
             "fill": {
              "color": "#2a3f5f"
             },
             "line": {
              "color": "rgb(17,17,17)"
             }
            },
            "type": "table"
           }
          ],
          "barpolar": [
           {
            "marker": {
             "line": {
              "color": "rgb(17,17,17)",
              "width": 0.5
             },
             "pattern": {
              "fillmode": "overlay",
              "size": 10,
              "solidity": 0.2
             }
            },
            "type": "barpolar"
           }
          ],
          "pie": [
           {
            "automargin": true,
            "type": "pie"
           }
          ]
         },
         "layout": {
          "autotypenumbers": "strict",
          "colorway": [
           "#636efa",
           "#EF553B",
           "#00cc96",
           "#ab63fa",
           "#FFA15A",
           "#19d3f3",
           "#FF6692",
           "#B6E880",
           "#FF97FF",
           "#FECB52"
          ],
          "font": {
           "color": "#f2f5fa"
          },
          "hovermode": "closest",
          "hoverlabel": {
           "align": "left"
          },
          "paper_bgcolor": "rgb(17,17,17)",
          "plot_bgcolor": "rgb(17,17,17)",
          "polar": {
           "bgcolor": "rgb(17,17,17)",
           "angularaxis": {
            "gridcolor": "#506784",
            "linecolor": "#506784",
            "ticks": ""
           },
           "radialaxis": {
            "gridcolor": "#506784",
            "linecolor": "#506784",
            "ticks": ""
           }
          },
          "ternary": {
           "bgcolor": "rgb(17,17,17)",
           "aaxis": {
            "gridcolor": "#506784",
            "linecolor": "#506784",
            "ticks": ""
           },
           "baxis": {
            "gridcolor": "#506784",
            "linecolor": "#506784",
            "ticks": ""
           },
           "caxis": {
            "gridcolor": "#506784",
            "linecolor": "#506784",
            "ticks": ""
           }
          },
          "coloraxis": {
           "colorbar": {
            "outlinewidth": 0,
            "ticks": ""
           }
          },
          "colorscale": {
           "sequential": [
            [
             0.0,
             "#0d0887"
            ],
            [
             0.1111111111111111,
             "#46039f"
            ],
            [
             0.2222222222222222,
             "#7201a8"
            ],
            [
             0.3333333333333333,
             "#9c179e"
            ],
            [
             0.4444444444444444,
             "#bd3786"
            ],
            [
             0.5555555555555556,
             "#d8576b"
            ],
            [
             0.6666666666666666,
             "#ed7953"
            ],
            [
             0.7777777777777778,
             "#fb9f3a"
            ],
            [
             0.8888888888888888,
             "#fdca26"
            ],
            [
             1.0,
             "#f0f921"
            ]
           ],
           "sequentialminus": [
            [
             0.0,
             "#0d0887"
            ],
            [
             0.1111111111111111,
             "#46039f"
            ],
            [
             0.2222222222222222,
             "#7201a8"
            ],
            [
             0.3333333333333333,
             "#9c179e"
            ],
            [
             0.4444444444444444,
             "#bd3786"
            ],
            [
             0.5555555555555556,
             "#d8576b"
            ],
            [
             0.6666666666666666,
             "#ed7953"
            ],
            [
             0.7777777777777778,
             "#fb9f3a"
            ],
            [
             0.8888888888888888,
             "#fdca26"
            ],
            [
             1.0,
             "#f0f921"
            ]
           ],
           "diverging": [
            [
             0,
             "#8e0152"
            ],
            [
             0.1,
             "#c51b7d"
            ],
            [
             0.2,
             "#de77ae"
            ],
            [
             0.3,
             "#f1b6da"
            ],
            [
             0.4,
             "#fde0ef"
            ],
            [
             0.5,
             "#f7f7f7"
            ],
            [
             0.6,
             "#e6f5d0"
            ],
            [
             0.7,
             "#b8e186"
            ],
            [
             0.8,
             "#7fbc41"
            ],
            [
             0.9,
             "#4d9221"
            ],
            [
             1,
             "#276419"
            ]
           ]
          },
          "xaxis": {
           "gridcolor": "#283442",
           "linecolor": "#506784",
           "ticks": "",
           "title": {
            "standoff": 15
           },
           "zerolinecolor": "#283442",
           "automargin": true,
           "zerolinewidth": 2
          },
          "yaxis": {
           "gridcolor": "#283442",
           "linecolor": "#506784",
           "ticks": "",
           "title": {
            "standoff": 15
           },
           "zerolinecolor": "#283442",
           "automargin": true,
           "zerolinewidth": 2
          },
          "scene": {
           "xaxis": {
            "backgroundcolor": "rgb(17,17,17)",
